10755	27955
2906	24989
5265	26098
3271	25382
9507	29391
2880	25294
13419	16933
187	24392
14903	19951
11527	15844
13278	16012
11856	18535
2674	26072
7297	18469
9001	27393
9378	22608
2908	18609
1653	29267
8643	27564
8138	17908
11069	28067
10729	27734
4508	16415
12562	16856
3669	29639
11266	19845
11746	15045
3743	22527
6966	23541
1788	15880
6373	22131
10012	20481
728	24579
12541	21638
9230	18392
3542	25523
11061	29426
4375	17310
7546	22289
13831	28628
9730	25614
11107	17409
2542	25464
3417	26855
691	16231
1884	16277
1755	21808
7010	29658
9099	27427
14448	16892
6589	26609
3078	24240
13886	28412
6298	17958
1777	20291
5475	15736
14481	23852
12933	15134
3756	23257
5320	28730
6668	22884
4465	27692
2612	20021
14115	28719
5015	25910
12059	16066
6455	18077
14998	23498
11091	28073
11215	20253
10746	29149
5147	16516
9235	23143
9292	22391
12118	16033
8209	18042
8939	26756
2839	29157
7684	16437
4611	23327
12412	28359
7088	16774
10814	22785
6232	23867
7050	16872
6920	15558
4203	20769
8857	27331
13134	20728
13792	22858
14153	28735
8478	21059
4672	27502
12750	22183
3855	24527
8206	22721
6319	18051
8216	25871
3105	22090
7730	20011
2729	27217
12869	21480
10251	25309
1285	23923
5650	18470
6230	17644
7893	20328
13928	28656
574	29807
8299	23207
1239	23876
1912	18216
2579	24866
13077	19050
6675	20401
14787	16169
9955	20366
10674	16891
9995	25929
13098	22927
13225	16050
14649	20879
13196	22605
14946	16884
12207	28329
9664	19224
5500	21903
9920	27729
10601	27897
4235	29932
10899	17496
9724	23012
2253	29876
6940	18400
4504	20662
7188	26872
14794	26339
826	19888
13784	22002
5272	29557
10247	27430
4371	24969
8600	24025
11616	25667
12259	28336
13855	18039
4940	19523
11729	22007
3393	23122
7365	19577
1068	25139
10238	20087
3671	29588
11434	15193
9006	21110
7055	23531
9518	18658
13848	22871
13604	23793
6517	26579
10987	22461
6846	29069
12619	18783
3376	16190
1279	19133
11469	17222
8582	28681
7642	27726
325	21394
5527	26212
2360	21443
607	24230
2748	16863
14774	22686
14199	20630
12027	26917
8641	15317
9844	27690
4337	17263
46	19239
3320	23042
14134	28726
14340	25679
5264	22276
3346	21948
1848	27646
6175	19067
93	28199
8022	15745
4226	17164
11669	22782
11406	17854
11734	21165
13170	22137
12715	28396
13246	22834
7425	18642
590	19056
8696	27283
10581	24132
7162	26508
8513	27239
13641	27383
7304	20664
11526	23817
5930	16695
5039	24452
10551	23726
1517	21064
3170	23219
3641	24255
11491	18260
3843	16049
2604	15596
8142	17738
4679	17281
10345	21322
1775	27499
14934	15709
5684	21658
4730	23332
8651	21709
3093	15940
12114	17137
4548	22663
12126	28311
6804	25925
10215	19704
10195	29990
7193	27279
7420	26929
10774	29541
4819	25856
10292	16503
5906	29702
5623	23434
9085	29188
14456	22965
8262	23312
9446	29957
543	17939
7296	28370
1956	25669
5750	17943
2167	21127
5538	26215
1002	28810
8923	19647
12047	25897
5243	26076
12150	19430
2717	25244
5762	19618
383	23147
14303	25347
10421	18864
5453	26320
13010	20793
13138	21115
7027	18331
5093	27365
8948	29853
8440	22735
8279	19784
156	22913
13126	19015
3289	23229
3766	19269
3687	21577
3253	16293
6342	21014
13244	28473
9170	15672
12922	16067
5319	16796
2136	21763
11580	20281
14112	21924
8629	25077
8879	26715
4231	21686
8429	21053
11262	23093
14252	25191
9102	29688
6929	26732
8768	27650
6307	24078
4192	21678
13758	15387
11414	26527
14040	23824
989	26859
2945	19227
11759	16921
12899	18204
2188	20233
13520	16566
13127	28460
2713	18439
12168	19096
4208	18390
14844	29272
14375	21762
14916	15112
11711	29070
10636	27128
5143	22321
9942	29559
8494	27226
8056	19693
3672	19717
4586	25782
3720	25514
9585	19499
210	16559
2932	18345
5673	19948
1538	24471
4016	29412
10723	18272
12990	23783
2373	19336
11345	22551
5772	26326
10032	19458
10495	16448
8301	19028
6099	27708
14415	28789
10270	16947
673	24564
2000	24974
6745	18316
8546	19386
9343	18905
14572	15651
13051	23979
2637	20243
1887	28968
13738	28603
8555	23744
11612	19176
4660	26402
7231	17947
14780	17553
7749	27238
11895	24896
4159	22258
14801	19031
584	18258
9173	27445
10311	21940
5364	22923
4241	23915
2241	15253
773	24587
1590	23969
7991	18740
9829	20896
10471	15513
4263	20378
14754	27080
1010	27180
11571	17292
6019	24186
4741	24755
11522	23677
9954	24978
7512	26958
13487	18136
3037	16756
9077	24095
6579	20224
4960	27943
12786	28407
8145	29793
3055	16813
2567	15713
9758	27670
8993	25140
7822	20549
2679	25234
12338	24451
2147	25015
6288	16969
8951	24531
2693	19631
13616	22780
10984	29768
13763	17075
451	23963
3993	17026
13599	23178
1287	24737
2636	25219
1973	24965
2521	25025
11958	29017
12480	24612
14957	17975
13156	15100
3227	25372
11218	18976
7964	17571
2294	18915
1992	22383
715	24350
2271	21019
14241	27482
2020	21369
3920	18230
487	20444
995	17713
13276	28966
8005	21794
14177	15440
3397	15122
5384	15377
8997	20966
4473	24040
13625	17414
8493	23624
856	20986
5348	15685
4721	27114
6984	28208
6055	22444
2326	15319
4223	23296
1082	19907
9890	18452
7535	15356
8406	27199
5912	19113
1535	20053
14419	28790
11396	22479
5455	23350
13966	22898
13172	19996
13342	23429
1015	27213
7233	20890
6627	23161
13852	17480
9407	18947
4268	17472
12272	17039
14509	24125
10951	28025
12004	20119
6565	23131
3089	15046
230	24403
7427	17247
5063	25930
7557	19666
14274	28770
12144	16136
3732	15013
3056	21550
3409	25423
6129	20228
7708	21186
14118	17047
1074	29885
10878	15924
10985	26297
11334	24949
8785	21439
14137	28728
13056	15200
8683	17326
5860	15288
14604	29532
10274	29112
11575	17057
746	19611
5893	16685
5857	26086
12208	20261
11017	19870
7123	28773
6067	26437
13459	28532
3927	17518
7024	18262
2071	15110
10852	27988
7160	19968
2564	28651
4287	26599
6345	26517
2118	21576
216	23831
9684	16961
11740	28247
5707	16732
7594	15588
1101	29869
9667	16919
5125	15238
14962	29972
3076	25333
11739	28246
2435	17348
4502	18566
5168	15277
7222	26878
7361	19164
9027	24560
14061	28705
13876	20085
2802	15293
12081	28304
8836	21761
4020	19599
2586	25195
8261	27155
8405	17102
541	21876
9555	23699
6203	27555
3701	17981
1666	24861
10623	15182
6836	19023
5262	27663
14781	28868
7504	16773
4283	18448
14000	22978
2384	15370
13657	28593
6134	29711
3185	16131
8811	27321
6529	22560
4410	20617
10937	17001
14538	18034
13443	17174
13394	22839
14121	19469
7278	20027
2954	22470
7163	22440
8801	26512
1945	23471
4650	18651
3540	16429
8744	27302
11559	15949
6457	26347
1495	21306
2531	26069
10965	23893
519	22234
146	20212
3468	16369
11835	20680
484	27420
8499	18625
9101	29733
12128	15251
388	19986
6993	24958
3233	20369
8522	24019
10785	23735
11904	23391
3517	25462
11187	21005
9168	29874
6335	21447
13308	21977
3454	18756
6852	23488
9503	25994
9044	18300
12363	28352
9998	16880
2727	25248
4742	20975
10791	15022
11875	29813
12499	20458
3206	23334
1976	21035
13309	16041
6481	23450
6290	16847
9280	22968
14884	15998
11678	18326
13091	18105
11898	22519
7082	17469
5343	17054
13315	16644
1673	23684
7757	29666
5717	18749
12107	17023
10739	22260
6353	29488
12754	28401
10148	25037
3031	19706
2823	15772
4110	26523
6285	27818
11761	18872
14742	22957
3663	24951
6963	22158
5840	17062
7954	24856
7186	26871
13429	28517
6611	22783
3734	25516
8674	20416
8867	16609
12249	28335
6538	29925
8842	27328
1212	29770
4551	25777
1722	24870
5862	22941
11200	18808
7728	20956
11231	28113
10155	23890
5206	20010
2864	18792
13885	22760
8976	28709
4007	16486
14195	26632
170	16205
4319	18283
5741	17998
5995	16099
14002	27084
13549	15153
12586	29136
1268	29173
6765	27942
6500	21023
11598	16034
127	17236
10566	20915
11099	21144
12961	17611
13632	24013
13132	23845
4546	19170
7354	26910
5826	16101
8061	15004
13285	28634
259	21494
14432	29355
10344	17444
5178	23407
9178	29034
1744	19947
13453	22840
10969	23047
1333	24568
8882	22500
13984	15973
11735	28245
10134	23627
11742	28249
2735	28142
1897	19540
416	16216
11276	25405
9951	23284
5134	15029
5278	25322
6146	15644
2008	24981
6283	20324
2535	15460
81	19676
11430	15921
6712	15601
13965	27940
3775	26648
1443	24782
6844	15991
14010	24948
7139	18487
6344	23438
6238	25187
7483	23442
2533	25836
11658	22732
3949	27702
726	21360
10278	19016
6840	29058
9663	27634
7339	29654
10662	18597
7604	17656
14324	19007
5291	15861
11478	19624
5274	29419
9551	20145
14724	15233
11342	18822
11977	18840
7518	15799
11462	25936
7210	20916
2672	29755
11147	28084
3431	15048
9015	28228
7482	24105
6032	25055
1780	16316
11819	18918
7531	29832
6451	22859
7926	27163
719	19585
3689	29593
9448	28507
7307	19225
2741	18371
5596	18084
8512	16459
8708	17286
2155	17416
3958	25601
8974	15543
10320	21039
2101	18432
13005	22587
7237	15314
3355	21589
2086	18555
1352	23013
1644	26532
13826	15423
6821	22816
5835	16806
3205	25362
8236	27148
2718	18969
1632	24855
12927	15778
375	19131
1086	29929
5261	16164
5559	19358
11380	15577
950	23066
122	24364
10612	26717
12685	24234
5731	21927
9799	19565
6807	24201
276	16557
2393	22503
6071	21916
12984	19141
7804	17134
3781	29393
7409	28964
4424	29505
2210	28976
12625	17417
8556	27244
77	22715
4137	16538
2827	24106
14246	22032
3699	25832
12743	28400
9339	15174
12871	20618
1083	17426
13146	22392
4844	29923
1071	20031
10997	17081
6985	15070
3779	19461
4331	25575
11758	20372
14800	20417
11386	20329
12751	17806
12311	23771
11915	28276
7205	22220
8763	29612
14256	19111
3002	24804
6462	29219
2881	25295
1035	22541
10921	19017
8905	26959
2532	27004
988	16980
12837	24567
3354	25401
13956	17389
7412	29085
2133	26870
11045	28061
9804	26168
8895	20373
8296	29564
3762	16797
7864	25696
13413	16047
12864	28419
1169	24681
12313	28187
8561	23628
8714	26866
10711	27918
6041	18755
11411	19959
6715	17419
14900	19979
14601	23298
12410	21124
8735	24919
563	20612
3382	17920
2697	24153
4543	25774
4360	21708
96	24183
1481	23056
6148	15681
9025	16371
14579	22221
3115	16616
5481	18369
2917	25521
11764	16140
1938	15120
2583	25190
558	21308
6469	18081
10615	15461
11662	22781
3491	27437
1133	15765
5549	16763
11080	18284
12755	17826
1214	26204
685	24272
9338	15718
6625	26622
7568	20990
13780	19614
1383	20330
9458	18344
13887	18108
4175	15030
8827	25850
8102	23944
11516	28182
2622	20991
13815	22287
3364	16318
1338	28970
13775	19739
13890	24940
1329	27122
7472	17497
1723	24871
1456	27376
12106	16048
13597	28584
545	29624
12946	20829
13122	17526
1803	29390
7424	20017
4285	20807
10830	24818
3810	19800
6630	20690
5337	26131
1208	17564
1745	29300
5733	27565
194	24393
8295	27723
7036	16838
4468	21421
10725	21839
11655	28224
8258	26835
13291	17035
10523	15190
1454	24787
6955	19311
10234	29693
6423	22003
6743	27025
2211	24709
4956	17180
13740	28605
14374	18040
6717	26644
11811	22789
1282	24129
9477	16056
10533	29787
6171	21397
10339	27811
4576	29575
5565	21538
14897	20334
11755	21751
10214	27416
13882	27090
11816	29079
5629	26063
14920	29663
11586	19137
6141	17403
11546	19427
6231	21849
4992	21168
13482	28540
13778	26068
4451	15656
8027	18518
2615	16327
7981	19431
2509	17904
9019	23657
1747	15000
8068	17702
5003	17684
7791	29229
13367	15646
7977	21978
10747	24100
233	21489
4015	25597
12992	28959
13007	25692
6823	17789
14612	21635
8983	29094
14261	28766
13705	23137
7028	21187
10276	29677
9536	27582
502	22700
9468	23580
917	20887
13228	15868
12854	17114
8487	29344
866	20903
1289	17307
3676	26050
13774	28617
6468	22009
10353	27816
6207	25115
10358	29943
991	19195
14491	20786
9435	22547
867	19955
7675	18151
886	19844
3301	28030
14175	22698
8273	29338
8534	23999
6883	18719
12216	17618
664	20619
14687	22916
9770	18594
10850	23675
6620	26620
4442	21726
1418	22725
6732	18985
13154	20042
7593	25481
2891	19267
7141	27172
8666	20918
2337	25101
3013	22266
4025	20188
10128	27748
9991	26961
11144	19842
5606	16438
7547	27113
1921	24926
9651	27627
11448	15733
12405	17251
14865	23970
12130	18096
14542	23856
1874	29676
10857	27992
1483	15231
4971	25894
5148	15639
8745	17007
13167	28465
2640	25799
4382	17313
10514	18695
2988	23805
4325	25702
12579	21323
11863	29995
7146	16735
7696	18608
8575	27247
576	21153
9841	27689
14756	18173
5507	23376
9944	28711
8317	27167
10163	26129
9764	18473
7526	21679
5353	22348
3363	27637
1843	17988
4150	20716
4646	26761
11400	15739
5204	17633
11976	17212
9721	27660
1489	21095
1224	28814
14232	27707
843	19911
3834	25559
11208	17790
6293	29699
3531	23600
10752	27953
13444	28052
5908	23975
3389	25407
2490	27935
7946	16201
14639	17968
13624	22847
14816	16829
5428	26175
7573	19652
6332	28920
14854	16647
12894	29102
1707	21335
13197	29926
9075	24156
14938	15414
767	25585
7331	26907
9224	24190
1960	15113
1149	24669
10264	27777
9184	21382
2910	25301
12615	20075
6956	26742
2005	21366
13465	28535
5569	23419
14350	28782
9686	17216
8444	24726
1360	21074
4489	16827
10411	18580
2276	27262
11532	15642
8938	20149
11281	28128
4681	15945
1386	24769
5394	17687
14306	16935
26	29196
7249	26883
5088	25951
11509	22767
11510	28177
13677	15877
9984	29840
13611	29837
2590	23176
6125	26452
3578	29701
9683	27642
7009	29427
11614	28207
8609	19705
2214	23491
12052	28303
10613	15762
10639	29589
5953	26401
11486	28171
11126	22353
10650	19667
1972	21361
7315	18302
2552	29227
9639	27619
11339	20022
8855	17620
8034	23727
7560	17207
6059	15078
247	20787
4476	28466
13947	17435
6687	17799
6714	29698
1676	29282
6023	15247
218	24398
6639	21854
5042	22373
10133	20197
13766	22194
8994	17554
10414	16513
8789	18410
2302	20164
2317	15952
3799	27193
13160	28464
4453	16550
59	19292
4328	17142
6198	19049
10519	19518
4527	19816
14586	25726
14249	19521
4936	17663
534	18892
3228	23655
6747	18323
6586	22401
11238	25297
14888	28688
10500	27868
3887	28563
8157	15002
8996	19957
10132	24624
12154	21588
12557	29455
6024	27338
6433	26536
13909	18926
4907	18672
12174	23412
13495	28543
307	24420
5514	18103
13159	16089
9406	18995
13906	18596
13236	18891
4784	25844
5186	20349
5626	29794
682	16595
6130	20922
7571	17463
8078	19850
10982	28037
11475	22764
6774	26666
2392	15402
14253	16694
5160	25981
6354	17844
12706	25282
9374	16552
12086	29186
6561	20550
12528	20409
3662	27605
2943	28153
14085	23835
772	22328
2704	18754
6126	16790
8544	29462
9461	24158
13087	15824
1560	29210
567	17213
684	24263
6799	19768
7790	29129
9777	19222
8909	20914
14449	21001
5145	25965
13839	29860
1585	29244
7609	23960
4188	21677
13819	22325
208	16001
7492	19994
1371	23874
12344	15756
4658	15956
7435	20268
6040	26434
7	21149
6267	21914
11417	23338
10597	25109
10430	28129
9510	22948
8754	23642
3685	24441
10307	26149
12796	16213
14170	28738
12429	28362
4574	23703
2428	19090
8617	22901
6775	25914
8213	26142
5089	21862
11600	28203
6870	26713
587	25265
11213	18071
6102	25982
366	24461
8359	27182
11011	28050
8504	27233
286	24933
12	16737
2798	29947
7587	29428
10348	22688
3698	19811
193	19173
13001	16031
3710	20948
8402	18834
10306	19901
577	24781
4978	25900
13015	19481
9700	29466
3306	18441
982	24636
1556	23259
6179	16440
10473	27853
2436	26718
6806	21960
11426	23441
5691	26281
7048	17245
8257	29122
7633	29221
13457	19103
2046	26340
11294	17823
5634	28233
4926	19777
6559	16724
9582	27600
13892	18067
11855	23479
4743	20018
7930	29442
10232	21996
3182	27070
7216	29477
4436	24795
11656	16380
9863	22537
13833	15035
11056	25531
4299	17203
1183	27265
14922	21139
12943	17467
321	24430
13941	18421
2722	25245
474	21706
1616	19425
10290	21427
14575	21240
6702	20584
6022	25713
13023	17183
5085	29668
3125	17452
5246	26077
11086	28071
6734	26226
10936	28150
4094	25641
3212	21957
1254	24723
2310	16498
9897	19444
4942	17664
11603	28205
12633	28380
11372	28148
199	24396
1604	20440
5974	23146
2073	15116
3045	15722
10053	19460
11781	26492
6647	29493
11867	28269
9665	19397
1645	18030
9588	28567
527	17445
10508	23254
1174	20101
5990	21052
12826	15341
10115	17049
12451	27206
7418	26928
3245	25379
9389	19014
197	29131
5407	20701
3737	21211
11684	27357
3070	16189
11507	26631
8111	18188
14520	22951
2033	22374
9274	20521
12074	26995
4254	16404
10866	26985
4846	29652
5492	21449
14149	15933
5460	26186
2998	25663
2485	29252
10836	21542
8615	19033
10184	15355
3133	26304
912	21879
14883	28194
395	19783
9364	22538
13504	28544
2015	16198
13747	28612
11890	28273
11072	29180
406	24473
13128	15302
3520	15324
8878	25556
833	24597
12375	26634
9656	27631
2397	29883
13990	28678
4198	25671
10433	19114
1862	19230
6272	16728
13040	28442
14265	28769
14352	19265
10226	22653
7069	26776
6142	20494
14213	20436
9413	20632
12235	19755
13272	25895
8805	20846
3434	16365
8063	17237
9584	26243
2549	27982
11000	19226
8665	27273
5943	21732
3582	28109
10288	21922
12201	17150
4338	22910
10023	21553
0	18730
8988	17487
8382	21208
5810	29337
1084	27781
3747	29120
882	23085
8106	16481
5726	23074
4640	17420
7480	21107
1702	21333
8379	19744
1902	29998
2441	25141
6992	15559
10080	24544
5060	17384
9376	16028
2958	21532
2306	29966
1221	28702
4661	25801
14235	28759
10932	18584
12637	15827
2244	15255
2403	19740
8950	17745
11659	23754
139	21260
5942	21433
14007	19772
8363	27185
4389	26060
5173	21877
13717	22436
7413	27498
12228	29872
5458	16870
10113	27742
14733	25744
12171	15151
3918	22060
1407	26626
14881	28897
14606	17595
11212	27530
7290	24104
623	18057
14704	16998
761	22676
11520	24750
9202	17929
2163	17116
9315	27477
4705	21128
13396	28501
1054	19558
7183	18268
1940	23732
14931	28903
11874	17275
669	23048
1374	16690
8395	22433
8956	16676
5429	26176
8373	25680
3838	29986
5754	29373
12011	19988
2838	24124
9123	29686
11317	17437
5393	26160
7712	21384
5327	29684
8194	22420
2289	29387
302	23865
5073	16656
7355	26911
8883	27177
10313	21954
13759	20578
11466	20406
8607	27255
5184	15058
5814	21932
10696	17558
11868	28270
5370	19878
5872	15269
11093	20937
4803	28011
13869	23563
11620	28211
13171	28467
11149	17718
4170	22064
12800	28411
12662	19793
1337	20411
12784	28405
1617	27573
5316	26386
6172	25538
10451	27844
1936	15245
2528	23081
13630	25954
7127	24294
4556	15531
3092	29558
3982	25605
2779	29315
13388	29988
10870	16822
3976	17012
12725	23249
8173	23601
4614	23328
5058	25928
6474	15985
7310	20278
1036	27364
12986	28435
4983	23644
4989	20060
14593	17412
3723	29970
11456	22237
10072	18271
5907	29605
2763	20741
3120	23216
13827	23801
13802	17735
9644	18054
12925	22144
8506	27235
3594	21614
11683	18948
8040	29444
5922	26381
5525	26678
7199	29459
2835	16810
14160	17677
7826	28978
7469	18622
14989	23561
10289	27466
3628	24519
10356	29124
11641	20449
14932	26116
7104	19747
10389	29747
7455	19042
2692	21481
4275	17748
1276	22525
6140	18004
3109	16648
8140	27112
6152	29569
8647	29452
91	21174
13513	22805
10832	29723
10379	20405
1669	19752
4749	27017
14329	16471
13212	19437
11839	22395
14791	22958
10908	18876
9153	27440
3195	24219
945	26228
8588	21942
10603	22696
13716	21472
4006	23282
13511	15431
8924	15606
2323	16462
9198	29397
4589	25783
14662	15643
9440	19451
9236	17476
3583	25479
1004	26487
12842	20062
9993	21501
13303	22306
14540	23136
7647	22344
5945	25144
5225	23669
10877	27872
190	21182
7187	17327
3945	25595
1624	25095
4277	27807
7664	25415
7533	26260
11259	16630
10131	22642
8298	19950
2862	20840
3524	15605
4745	16995
14110	24077
978	23737
12979	15850
1464	23175
2187	15177
3145	25346
6276	29084
11629	19248
11398	29608
12545	16202
11795	19653
3268	17647
407	29117
6861	23520
10398	21383
12209	23169
13793	26230
5815	18641
6137	25262
13689	19101
2144	20924
10332	17660
205	20325
8869	22666
9116	19194
1504	23107
13466	15561
219	29852
6697	18090
9416	20838
2846	25287
7452	21965
14053	16230
690	21114
3674	19351
9905	19641
116	20290
676	24565
12331	28346
1631	29262
67	24338
4065	25628
4380	17523
1106	15661
492	22937
4257	25410
4429	20341
12388	23404
7033	27874
11930	23430
713	24534
9281	27468
13036	17209
9045	29709
2553	16385
2036	21371
144	25116
5470	20753
7054	26772
5155	15749
9358	17106
12490	25504
11929	29771
12686	24521
8915	27356
5413	23497
11690	19159
9473	23379
11554	17642
7851	15457
4422	25734
7775	22361
12985	22112
8631	17394
9130	23662
4737	22198
7916	18055
1541	29198
5257	26092
9992	20403
9150	20720
12779	28402
14039	23822
1797	23875
2305	15309
4134	25653
9636	16775
14266	26688
13332	17099
1817	19013
4256	18621
2686	29053
9300	24005
10716	16464
11998	17911
1273	24729
12542	15224
14376	20674
6885	26716
3833	16948
14568	22313
9375	29614
4990	17683
1259	21435
8531	24175
7460	20250
2644	26781
3455	18704
12745	19840
3394	16353
8543	24298
11354	23604
712	24528
2534	20379
7016	16769
3	25148
6640	24066
2458	19331
6289	16326
11403	22352
3807	25545
10413	27835
12014	29461
13981	21092
3177	20969
11707	25537
3900	21162
1269	16828
10793	27964
3798	17132
3917	24361
6894	18382
4603	26395
9357	27510
14702	28853
12192	16002
14706	19529
12318	19002
7385	25416
14582	28826
5695	19766
11573	20746
8432	17552
12477	17786
1562	15520
14674	22081
11786	22083
1388	22191
13545	19966
13830	19559
4082	15003
5563	23402
6899	27832
10637	18008
4417	27682
11110	24975
14475	17486
4121	25647
9203	25795
14245	15336
10553	29472
11199	18987
5075	16845
4675	23738
12010	28290
13406	22171
29	20570
2913	26862
7722	18716
2529	15454
3514	25461
5657	16583
13982	22899
2141	25014
2313	21418
3718	17024
813	19221
11837	16228
7680	28558
2603	22068
8046	16862
547	21741
10665	26853
13649	18468
13949	24006
8320	22427
1935	25980
14152	15396
9023	18902
441	23912
6491	19219
14574	18958
3749	18886
8228	18850
14869	27507
7524	26963
13753	16587
3029	20477
181	24390
7919	18762
2407	27560
11283	22491
8374	15628
6536	26592
6889	26719
1460	24791
3274	26526
10283	19300
279	20869
908	24608
12156	20185
7454	19910
2381	23614
14978	18936
14795	29141
5289	17504
2103	29917
4036	29598
702	24415
5108	19333
929	28722
2517	15441
6808	22033
7118	19738
3108	25341
2992	23212
211	29974
13105	24021
8703	22452
3502	21207
9327	16911
9698	21951
6578	23553
14585	22952
11885	28271
1851	18310
14701	24257
12079	29665
7037	23877
13422	28510
3876	29987
7061	26773
10267	29861
8947	19120
13994	26112
6974	25342
261	24411
8552	29994
6946	17294
6848	18376
8018	18883
4109	29206
12403	28358
9549	27589
3771	28657
608	25216
13929	29878
1503	23108
11499	19376
6748	19578
8002	18788
3722	23295
3782	21636
10979	28036
6361	20719
5339	26139
704	17034
376	17594
6333	20962
5831	26359
4405	23306
7401	26922
12762	18803
10900	27688
10944	21586
13779	24315
7996	18141
832	25940
14868	29357
2815	16475
3650	16660
2669	29025
8579	29750
5592	20699
5120	29020
9668	23705
3573	26165
13722	25729
9247	20926
130	19549
2950	18455
5365	15169
5144	20282
14455	21795
12424	20779
10957	28029
3252	21460
3241	17061
223	19869
14185	28742
14077	21868
2142	15138
2628	26703
9494	18761
13180	17703
12119	23976
11173	17042
1311	28928
6908	22116
14712	20568
940	24661
13305	28484
12797	18402
7511	26957
6539	24309
3375	21963
1283	29599
7084	28012
12058	17037
8162	22013
453	21199
1261	19686
9131	27433
10511	23819
5033	29512
12810	28413
6340	15746
6076	20007
4833	16287
6590	16844
2207	25051
4635	23846
4056	25624
7073	20523
8218	16920
5400	15327
4671	27848
1787	15241
9862	18397
8677	18791
2291	25085
4921	29720
7622	23579
273	24327
9093	19098
784	24979
10773	17636
648	25220
1781	27202
10847	21004
6686	15609
8908	25031
5344	15951
5635	15201
6450	24001
11015	23940
11361	15150
12512	28377
13963	22569
7236	15704
2132	18463
2507	23153
14829	18673
8468	26652
6834	29350
13762	24041
1892	23127
6448	26544
9464	23417
2651	24824
1390	23103
8486	22646
8284	15510
11183	27636
10898	18741
10237	29011
3567	25475
5340	20320
13216	29586
4	17315
936	26352
606	24540
9642	25393
610	22424
9797	29194
11014	18806
4899	17654
14179	15139
14818	19076
14528	26839
5095	26641
14005	19254
14583	18581
7397	27457
7419	25179
1485	24797
6968	16025
8182	24076
963	24623
12547	28774
2736	26642
6380	28874
4924	21054
9371	15615
6816	29009
1905	20808
9417	21112
9368	22873
5113	29602
13581	29725
14133	28725
11371	20961
13004	16013
10582	19834
1854	17710
777	21210
4939	21277
11343	17321
9469	27550
8501	27229
13666	17361
10677	17814
6366	19125
12901	28220
5032	20141
696	20298
10864	22104
3144	22600
4733	25828
5710	20128
2889	21521
7298	22223
1201	26294
6079	23353
6215	25626
2445	28806
12735	26785
9034	27404
8160	16701
4286	22891
3591	29887
5352	27825
14815	24173
13907	17372
12820	18359
11032	28058
10714	27919
10726	24232
7456	20995
8849	27329
6299	26143
5371	26152
8807	27126
14810	20229
10323	16363
6251	18026
14840	18003
10191	15096
2184	19982
10331	29389
10200	18557
4501	17186
12976	16260
11050	29313
4149	22464
13205	25484
13238	17804
1159	17340
5486	17320
9051	22621
13130	17794
14167	19346
774	18524
4278	17665
450	17244
12659	29052
11531	21068
1308	24677
10130	29310
3487	23239
10853	27989
13320	26417
13864	28639
11407	28162
1749	24820
14271	19900
11634	17937
13253	25086
11732	26209
14841	16022
8547	19356
8578	18961
4446	24290
6893	29829
13070	21102
9981	29460
11005	26490
10952	24079
14294	25411
5660	16358
12827	29336
6961	15462
14758	28862
6569	16672
11134	28081
844	21881
8184	25004
12930	28427
13029	27091
336	17151
6604	22034
10906	16669
6819	15650
13806	19095
9847	15014
3996	17029
12546	23778
418	23693
1737	24876
12031	28292
827	19217
8783	22372
14042	22174
9866	17567
1098	24656
6204	29636
5903	29916
13814	15216
1594	18282
5681	26275
11021	28054
12108	25975
8229	27144
8305	17440
2152	20784
6705	26637
3777	15671
7507	22453
8368	23609
10829	29669
10876	22879
3112	25318
4644	16944
13959	22897
8870	17347
4252	21688
11991	19419
7152	26581
12392	16530
3713	20931
10658	22699
7813	27024
6014	17727
7462	18649
8904	29851
7340	18610
5221	15398
13376	27230
138	29004
5605	22437
5234	23950
11353	28143
7444	16451
3519	27837
11841	22924
1107	25591
845	23059
6614	21529
3022	24431
9003	27395
5193	24317
7468	29696
939	20323
13525	22155
368	15229
906	26085
10256	25525
7676	26991
6939	18771
12565	17177
3016	21545
108	29197
9326	27760
14262	22181
12823	28600
11670	28227
12567	16257
13381	29823
11589	24799
1578	26324
12393	20204
8438	24956
8989	21667
1379	28854
2758	25257
11636	22162
13516	28547
7135	26081
4232	21400
5584	25147
7064	23545
13863	28637
11947	15847
10009	29821
9978	23180
10173	24983
8875	21559
7166	17234
14236	28760
12887	24931
4643	18647
3465	18796
3318	16854
10333	27804
9553	29927
14867	21771
14083	18120
12172	28095
1703	18211
6731	23596
10522	26571
8355	17010
3755	20137
4131	17229
13100	28457
10341	22272
2060	17696
12824	22129
1428	28762
9189	21223
10228	21317
13295	26947
9895	27703
4343	15637
2575	20111
681	22204
12525	26108
8409	28191
6624	26026
3794	20858
3325	15304
8422	17079
804	24883
683	18680
7724	18572
14180	28740
12614	21271
4205	25937
8723	22434
12458	23777
510	25719
4204	29736
12476	28371
7052	26770
10217	24939
9241	26478
3196	24828
1998	24972
985	26782
4889	25938
11876	23378
6388	15248
2220	25059
329	21604
7844	27035
3424	16362
10387	20850
2545	17765
6254	15680
13374	28495
8461	15261
6941	25725
2702	25237
8959	27369
13325	28489
923	15337
3964	16904
14273	15270
12594	20090
1324	19210
1066	23665
4763	25498
9965	17600
2673	25668
12846	21645
4610	28024
949	20763
12042	28301
8479	29971
12653	17450
12452	18011
14385	20876
3069	15908
1378	28045
10550	26504
9351	21702
11925	15232
4523	25772
7416	26926
13968	19313
10959	20629
13252	21581
2937	15888
7324	21627
12332	26378
1729	15966
12522	20420
9360	20688
9504	18498
8963	27368
14497	23932
7745	29866
10953	22243
2922	22483
6256	26484
6305	21992
6188	21840
5333	16115
10722	18490
6444	26849
7379	23711
4085	27162
75	19580
4238	24324
14789	17932
7503	29317
4830	24174
6399	20659
6615	16472
4937	26323
1772	24893
13187	18247
9794	29648
5630	21221
652	17510
5065	18240
1266	28908
7565	18663
11206	26953
14088	19731
5959	26411
2526	18963
2463	24200
2043	24342
12885	28424
7558	19926
10854	16896
9282	17694
5450	17271
7400	15156
12203	20342
9175	18630
7641	15764
12731	23781
11470	20625
14485	26470
7552	23575
13274	22501
2694	23525
7345	21106
11239	27959
231	24404
10701	27916
9957	21445
14315	20295
8937	27362
3501	26850
11525	25553
191	19873
4107	16958
2129	17634
7154	16072
9370	22539
2743	20211
2204	29545
1614	29251
11077	28068
13065	22039
12474	28369
1011	27187
2980	20056
8467	16295
11036	25221
546	16482
5038	24329
10248	19478
3475	27711
10116	20357
7810	20058
10187	27756
3791	19600
7122	22205
12428	27876
11197	27372
12127	23031
13659	28594
11615	21570
7972	21463
6522	26583
5687	26280
2379	17211
9618	27071
9786	23802
13502	15666
14001	16757
3678	20771
14428	18060
3738	17199
14796	27292
11338	28672
10574	18358
2927	25012
12335	17030
5187	20410
14219	23145
95	22295
8565	16401
1346	28006
8772	29204
8488	27907
3034	17441
10964	15715
12384	29799
8357	19941
7017	18454
7980	18515
353	22546
269	29237
3626	20122
12783	28404
1855	29163
3408	21155
3239	16285
6776	29580
10607	28020
2017	24987
13168	22055
13081	18207
10342	24964
5628	26242
8646	29826
8085	21279
10575	16858
961	26473
3118	26586
14099	24826
1012	20845
6540	20067
2336	25100
2267	26574
4946	25882
13323	27019
9422	21766
2413	25126
7506	21797
6110	22001
5975	18020
8412	16906
12572	16254
12508	15995
5920	27585
4035	29905
113	17291
13071	17751
11038	22529
5490	26194
11954	28285
9107	19187
9037	21818
2218	25057
14652	28844
3308	16309
9415	20331
5791	19513
12676	16638
11384	28154
13951	28667
5018	17287
8898	27349
326	24432
2505	24032
14567	16779
1263	19274
14292	27127
2746	16955
3419	21140
5388	20929
8658	22446
10860	27993
12173	17454
10406	21772
1350	19330
1948	15024
11999	15408
4886	25872
9141	24127
8151	22406
11637	25483
9819	22593
9814	18182
7674	29297
13536	28556
1176	24683
11029	23339
4148	24090
4419	19229
1925	29111
12900	18217
13939	26663
3601	21893
2883	21548
11792	22787
8852	21974
1933	20525
8058	20068
5663	26265
13591	15165
4033	17345
7311	19929
4810	27904
12246	17118
4837	25861
1156	24673
14339	16686
147	22843
905	25916
7673	18702
11547	24083
6437	27549
5751	24109
4853	21104
4911	21836
12460	28367
13351	15529
4797	29956
5305	25206
12418	28360
10520	28967
7515	20100
6534	26590
2584	21249
14686	18570
12963	28429
7985	26802
3266	24265
7672	16409
13790	19672
13880	20322
13365	17529
3053	21549
2217	15240
7109	23540
11703	22566
2765	27455
2568	25186
12025	23357
12278	26167
9687	16588
3765	22751
10704	16651
5564	15466
2249	22213
1510	15265
11907	15775
14767	24558
4612	25787
5914	29820
8725	28565
4629	26519
2714	16575
5323	28018
5573	21910
7839	15279
5485	23881
5414	26172
2759	15976
7690	24515
639	29418
9696	16717
6096	21968
12093	26166
399	21407
5979	29151
8589	29051
7254	26888
2565	15490
12113	22098
9790	15311
1568	29212
13226	25634
6847	28632
8911	27722
1247	24715
7227	27205
6560	26602
4782	23191
11419	28097
11922	23512
356	23030
13434	28522
13292	28482
10118	27744
1915	17299
4933	21888
803	20643
6812	27840
8365	27186
6865	26711
5229	15820
12035	17927
1190	15905
8220	22421
5946	26397
5821	18933
8765	16975
11379	20796
289	29235
3298	21584
632	17698
1280	19905
11282	15109
4394	16923
4756	25837
9601	15507
13347	27839
61	19423
12803	17129
8540	27309
9969	25820
9774	22647
1881	22613
9289	19637
6928	17110
3773	16819
8554	26039
8628	19703
10164	18516
4180	28325
618	24546
12212	20187
12300	23770
141	21075
10542	26013
3727	21134
4766	26838
11912	16185
10109	27789
4404	29470
1297	28923
14645	23857
11195	28106
12712	16243
3184	21731
13284	25927
1420	24775
6824	25169
10218	19347
6642	15391
864	28185
9390	17705
6351	20358
14997	28921
3378	19355
1260	24727
2502	24811
13125	29596
11248	21757
173	21484
10193	19477
7744	27005
13555	25548
2538	25165
6269	16594
4381	21109
550	26448
8550	18350
4479	17124
8682	22449
10442	27454
5597	17982
13092	20500
12461	25600
11973	29751
2430	16128
417	15186
7830	22268
9240	23602
10833	20993
8727	27297
470	24194
8645	22513
11989	25599
8510	27290
12291	29166
12275	21701
7786	27018
7729	23682
2098	15267
4353	22656
9825	21303
3869	25268
8256	20705
11472	21024
12003	26856
13227	21909
5049	17699
8729	22301
4393	25723
8750	17860
4806	16783
9265	17925
13542	21386
9974	20285
6161	17996
14389	29200
11548	28189
11194	21846
5987	21429
14392	16803
8341	15230
12855	26202
13239	18289
6011	21944
12531	23420
9020	23658
2235	21152
4091	28179
13595	28583
14519	22950
5580	16113
10817	25307
3675	24120
2999	26058
6428	26535
4461	19115
10456	23589
11329	28138
6191	21833
9557	25445
10593	27894
5931	24053
4183	17879
14489	20117
3216	27511
101	20094
2120	18292
11443	20831
14915	26755
8728	15372
2543	27467
5730	21410
5080	20839
10923	15825
9133	17120
12713	18567
9922	22993
2789	15501
4222	22982
5411	20296
3896	29854
1715	19592
1417	20826
5212	20651
12422	25145
5829	17963
7912	18190
1853	18467
3321	25397
2405	21829
2429	21912
5459	26185
4912	25149
5567	23411
8126	19231
6713	24645
4105	19124
14436	19778
4348	25708
14164	25348
2786	25267
2578	21457
8851	29490
14225	29253
6755	15415
4515	20538
7149	26861
13620	26723
11189	27602
5259	16912
1794	25522
13945	26355
13571	20259
12082	23759
11704	28238
1917	15072
6078	18878
1205	21136
5185	22084
3121	16085
158	24381
10422	15986
4066	16520
2836	25239
11442	28164
3204	25361
2439	19623
12142	16341
8891	23618
2402	16798
1615	18860
2952	19069
5963	20221
8700	26222
4518	25770
11235	17559
11597	19913
11777	21434
8244	26810
8097	23133
1516	24814
4439	16118
5074	29570
9914	17422
14111	22416
4462	24185
13619	16052
9709	27654
13141	16083
6707	22530
4673	23955
5028	23346
4770	26837
315	24425
5004	25907
8442	16267
9092	19445
225	16539
2067	15092
4757	28623
3065	29716
8637	20702
8553	16176
8932	17055
7253	26887
431	25731
8949	28200
6995	29661
3278	16298
10694	27912
8580	26933
10309	21993
6002	29003
7615	17148
4690	23965
6116	15385
14289	25817
11626	16144
7291	22020
14295	25758
14304	19531
578	25345
11186	23428
3948	17550
3652	17931
11075	21659
4778	19640
5966	19486
11673	20235
1958	26779
10754	27954
4871	29110
13243	15641
14037	28703
11132	29550
11569	28198
14910	16628
14594	26464
9580	21009
2288	19134
291	24055
6583	18888
12600	27856
5127	17354
4539	25773
9392	26207
9182	21755
3433	16621
14552	21745
10064	27736
13592	28580
9032	17170
298	16558
9643	17619
4486	18998
2944	17999
212	24397
9919	23364
8125	20004
13572	24961
4132	29328
3267	29613
14949	18710
7421	21784
1459	29162
11160	25687
24	24262
13661	16536
13805	24118
6147	23934
782	24977
605	16069
9489	23688
11611	25933
602	18981
1984	15043
1726	21338
9109	22495
362	24460
8739	23800
468	23036
12570	23326
14631	28841
7316	26221
4993	20151
217	17858
12876	27978
12399	17521
8884	27104
11502	28174
529	29912
5245	16163
1753	29302
14331	22103
5426	20300
8821	29657
9154	27441
9733	16991
9342	18881
7473	16840
4300	25367
2828	25283
1908	21051
6666	22413
9105	22108
6392	22235
10426	16570
1559	27384
3486	19110
12918	17779
4858	25868
12912	29239
5560	15961
13920	23813
2894	23227
6797	26997
5207	18146
10989	22802
12041	28298
2788	19846
7959	25724
8592	16071
3193	21574
2975	19145
9986	15205
192	20241
10382	15684
6245	29856
6017	21746
13467	29873
10645	16573
4053	17051
1622	25834
8933	29888
411	28999
12817	18678
49	19303
10449	26552
1499	21307
1782	26528
12724	26203
9285	25810
9831	23095
11494	20080
5652	18361
12950	29376
4848	19104
13993	28680
14648	25593
2619	29621
7411	24710
11273	17850
4755	16245
5226	17297
7572	16070
10980	29783
7039	15511
12237	17544
14979	28913
5427	26174
14084	28716
2484	19936
10559	27883
4493	20527
2810	29394
8902	29640
7280	22211
5092	17872
3529	27269
11092	22532
14948	17013
7484	15614
8119	27105
4801	17726
13927	15755
8990	27388
1413	24670
2833	21515
6699	24459
1258	22796
13622	21258
13587	28576
9572	27641
5098	17720
14165	16632
14493	19323
8446	21835
3861	27859
8776	29706
6661	26148
13674	16240
5299	26107
45	20726
11461	21129
3471	25444
1804	22743
9118	20955
5553	15934
2676	18148
87	26951
1698	29293
14808	23862
6088	24319
7630	25418
11205	19552
6294	21423
6949	25968
7629	18865
6962	16313
10277	27984
7623	25762
8226	29220
12219	28161
13834	21502
365	22540
12295	16528
1061	17742
13842	28631
14360	17583
1706	29296
9672	24244
8780	21504
11119	20217
4811	17218
178	21181
1569	24189
6972	27426
11415	20949
7012	27547
5405	29635
4083	29233
1659	26840
10418	27568
1093	24651
159	22907
6643	25686
14822	16011
2909	23998
14172	28739
5744	25613
4711	25816
5220	15987
10700	27915
3350	26694
9883	15688
3425	25430
4893	28687
8101	18474
13978	28675
1514	24812
3192	19152
12087	24008
987	26851
6008	19757
8161	18091
11155	17917
3033	15351
11894	22492
5504	23369
3660	28713
5715	20886
1490	24800
12210	20001
4922	29043
6581	19847
2979	22209
6226	25205
13643	19249
4084	29080
4068	25631
4392	17316
14987	22970
530	26047
8626	20906
4965	29650
9561	15483
8518	27945
8749	22458
3152	16119
11536	24228
4606	18531
14466	20583
8935	21641
12613	18746
11465	17485
2680	20936
7244	17311
2081	21408
13973	27065
13060	28571
8888	18650
11883	22122
1200	15783
9610	29040
9935	16830
2955	21530
13287	28481
1322	20104
13360	18000
14326	16399
2297	21415
4820	25857
586	25655
13262	23374
5874	21908
10336	27809
11601	28204
5017	19604
9701	21062
9472	19349
11987	19864
11124	23265
11570	17067
13700	25176
13617	15335
9846	15790
14411	17733
3823	18868
10034	19233
11098	20441
6802	24756
10776	26459
838	17930
4090	17128
5575	17900
9604	20642
7698	26994
5989	17193
11806	28262
7619	29504
2738	29731
11289	29882
3522	17613
4976	17682
3189	26875
316	24426
4351	16377
7649	23919
7983	19999
8962	18914
2607	15162
4792	18423
9877	26396
10771	15357
589	29404
13986	22553
485	15487
932	23065
1014	23991
1429	19434
13527	15683
12366	22811
8930	27360
12829	20414
13829	28627
4607	18685
3299	21585
4478	21326
9872	15093
13846	19851
9139	24126
12694	25771
1885	21273
10873	18798
7266	15222
8954	17572
2200	25042
4041	28013
6313	28993
2255	21028
10123	27746
9531	22559
7986	17876
10178	19321
2912	21524
7860	16824
13697	26817
10056	20727
11955	15854
14517	22773
7943	27132
3098	15474
11074	15416
776	21222
103	27075
4902	20355
4532	19832
5853	29183
8756	16286
7582	23132
4247	16419
5817	17349
1018	27260
5401	21336
2682	24757
14128	19350
7589	18627
1582	21316
7766	26874
9960	27717
12245	16023
13948	24888
11696	18927
9380	27524
727	27622
7686	17868
8921	18709
13529	22887
9445	18218
7217	23588
2742	29808
13020	15444
10507	15536
1579	19626
11445	25371
5081	15675
9961	15064
9902	26169
10269	20284
2134	23291
1158	22236
6089	17986
9336	27489
12667	15344
11627	17505
9593	22739
7808	29788
897	21972
8403	27198
8127	19047
6572	24049
5688	19582
4106	20544
8415	19821
13837	15735
1020	21252
544	21239
295	21184
10546	19678
10843	20256
4872	27513
10915	23739
6389	28775
3956	19400
8203	27138
12527	24878
13259	18805
10587	27892
3340	15586
7783	26435
6480	19439
5381	26156
5775	26328
13797	25046
6724	17122
10175	27714
9735	19406
13066	26122
10789	18999
858	24600
10883	16983
1245	15974
5761	24031
12832	15834
7661	26380
8715	27293
12660	19836
609	22435
13893	23514
6708	24847
7004	18447
11995	15079
9876	17723
1467	24793
13455	17936
2186	20431
926	26078
10929	17892
11227	28099
11754	28943
4633	20174
9137	23077
14353	22945
9541	27583
121	23021
3593	20723
10943	24533
2656	27763
5851	27579
11158	25704
5813	29555
6886	15788
8960	27370
11012	29678
7879	17695
5090	29764
12828	18824
5260	15149
7567	15578
1354	19204
6817	22677
4378	19372
13896	17714
11333	28140
5014	25909
4884	23573
7441	20656
10578	24283
11539	17259
2469	18293
1611	22110
14483	22447
6466	18079
11750	28254
11040	28060
5558	18506
2122	24209
7721	27002
4260	25681
3733	22394
6684	26635
2711	25241
14561	27131
9930	16582
12906	29208
5712	26301
13364	26567
14669	21513
11053	23755
8889	27345
10327	27795
13950	26638
5437	21167
4919	23918
11649	24279
11179	25056
6757	15925
8713	16649
8012	29518
11404	28160
8460	18451
890	24603
10950	23742
7736	29013
8065	18561
4516	16981
10993	26343
8372	27192
6244	29951
9884	18853
5263	17796
14620	22643
5608	18398
6869	26250
7955	16743
1916	23882
10858	23538
4724	26502
8286	17411
10107	23990
5078	18585
111	20194
3837	29571
11975	23186
6150	26454
8734	28120
2054	15087
11286	27408
9929	18577
6424	20760
14103	23942
11986	17493
11503	28175
14857	29574
11931	24352
1575	22056
5551	17896
3606	21713
9941	22680
6970	18414
10059	27536
8673	18335
14029	20552
10917	21663
5801	23451
7242	18993
10934	27902
3494	25112
7440	24336
5403	21902
9000	22375
4220	16657
7562	26970
4403	18385
13942	22962
14472	24498
8104	22726
1387	28942
14642	16192
8533	16871
9748	25983
11375	20345
3221	16282
13182	28470
10916	28007
2561	19937
14038	16521
7211	17795
14842	28880
13213	19021
2513	22070
4533	19561
9649	23008
14495	17498
5321	24171
303	20687
3787	18121
9899	15750
7505	24295
7485	26946
7516	22206
3463	26483
8893	19890
12151	29416
4456	19147
4067	24359
8774	16276
11473	20387
13614	15386
7988	15118
2339	21855
12766	22821
501	24957
8858	27332
10590	27893
8253	27153
2671	17224
1826	29795
8094	19858
7404	17570
993	26984
12955	28074
6838	20442
357	18237
9989	19943
6623	18114
4832	26700
4509	20595
531	16997
7461	18167
6866	22564
2773	16477
13803	18819
11303	17382
10727	27548
14624	28837
10967	29849
1223	26427
14904	20535
10913	29189
6115	24067
4224	25755
11992	16259
412	23654
13416	22241
4326	19025
6931	25924
1487	20096
9424	27534
2203	15218
10101	29523
7194	21970
9372	27521
13569	19361
6570	22850
1786	17655
14565	17280
4138	15458
3104	25340
4072	25632
3978	15303
8362	27184
836	25321
3368	19658
9050	22485
14109	27117
11593	17673
1748	18831
10202	23809
6758	22533
1180	28698
12446	16745
7270	25278
1458	24790
10157	21715
12141	20478
10299	19503
10086	27738
10033	16288
537	25640
8376	22431
5086	25950
13823	22284
14993	28917
8200	18624
1840	16037
4379	20665
4135	27659
6092	24123
1526	26337
12161	28318
8690	26514
12553	20505
13116	17438
12006	21652
1318	23550
7293	26899
5809	21079
1637	26201
1508	18028
463	19949
661	23981
12726	29579
2315	19539
11550	19699
839	20036
13136	16097
5192	18565
5079	24328
9519	28487
7923	25276
3872	15687
3849	16691
10004	20479
9260	27464
4361	22932
10111	22242
6346	18785
10619	20774
6439	21056
582	27769
10962	26128
6489	18166
5266	21811
7701	25831
13090	26338
13621	17866
3788	25535
10925	20782
5917	21643
4385	25721
2675	26463
1175	27014
8135	27111
6006	26426
6322	26814
5136	15057
13494	17688
10060	27735
12211	23766
6292	21851
12030	18829
9654	27629
3804	24119
9284	19824
13405	21884
14522	22399
3100	20529
5517	18669
7053	26771
2275	21087
5548	15612
5418	29491
14819	27044
1852	23125
13706	25010
7765	22534
10971	19750
10153	26932
5526	22607
12282	22671
11935	16241
8436	16120
6338	29899
7763	17050
6416	20504
8830	23887
11567	22778
2292	25087
7555	18116
8824	17875
14071	20503
3347	24844
10017	16934
3959	28226
9967	20470
11174	22655
6656	19395
3960	16517
11363	24504
7588	15682
9459	28032
6463	26561
2252	24749
7726	29067
1364	26428
7837	17428
1547	17191
461	22329
6496	24136
10308	25963
6592	19490
11033	16581
10626	27909
3235	21608
1075	17386
11946	27572
9637	18662
13719	16474
14173	16290
9169	18591
10627	22869
11563	16761
9332	27487
8649	28980
10882	21847
9431	23456
5614	17232
13698	17040
2871	17899
8806	27319
14748	28860
13635	17260
10692	23734
2648	19838
5469	26188
8964	20881
12763	22123
10372	27826
5280	17679
7466	20522
11713	18478
312	24422
8817	16373
11365	23751
13789	28621
301	21613
4046	23288
13551	20533
3874	19493
14852	28882
133	24370
9533	18984
11817	23651
5940	20483
10018	16945
10027	29718
10497	29942
2591	22324
7781	27881
9073	19737
12199	19201
4092	26576
10810	18477
12071	19697
2936	15887
11896	18950
10591	22695
769	16816
10096	16697
10769	27958
10730	17342
123	21040
184	23821
13458	28531
12875	28421
10036	27492
1165	22808
5786	16387
2715	25242
12617	18737
10394	29862
14	29033
7443	26939
7548	22862
7471	23570
8810	17974
13085	15822
10671	15316
13977	28674
11260	22315
2330	23625
4414	19964
13265	28692
1751	25170
7292	23112
11027	29165
9382	27525
8819	29134
6959	16551
1478	26789
11801	28259
14193	28747
6436	26537
3225	20600
1433	20039
2112	16092
5499	15631
6314	18049
105	24349
6085	17985
7095	17596
7876	20743
3944	23273
9391	27527
8620	24708
14383	22754
8502	17107
1281	19287
14672	15593
8020	23308
12549	28381
5477	21253
3871	17434
4709	21414
12981	17771
4930	18301
2258	25072
7862	29231
3236	27064
248	24409
12287	28340
8010	21500
9682	22026
13603	24142
6831	22490
8866	16618
7842	27829
3558	19181
10167	29618
4161	24084
10181	24340
4623	25349
11994	29093
756	24355
6119	29536
11622	18033
5873	23193
4773	29487
2821	27732
3891	21264
11076	16762
14251	27403
1524	21310
3557	23061
3562	25473
1198	24692
9597	20652
2457	21440
6154	17993
1906	20118
3714	23279
8892	22176
14598	23289
12303	24538
7740	19453
3015	15629
8695	27282
12051	27046
6722	28472
9820	20556
11450	18165
1534	19857
1957	24993
13233	27842
13776	24310
12811	18510
7820	29879
14707	20564
12999	20193
3586	16450
13275	28479
7350	21058
14031	22906
8686	23549
4447	29441
8001	17261
2688	23034
3684	19927
10099	21476
11697	17066
4454	22345
6602	18089
2551	27800
11897	18979
14547	28822
935	26350
7961	22590
14797	25751
6422	20758
7513	20542
5213	26065
981	24635
7995	26429
14444	17924
163	24382
2585	29835
13263	18314
4441	27495
5083	22717
11073	26140
9577	27599
8624	15771
13634	20593
3930	25590
8269	15752
1620	22615
10564	21034
14700	23069
13733	22035
2500	27737
12661	26264
5304	17810
1995	21364
499	26001
10529	26744
14589	28827
6631	15743
6877	18169
2907	25299
3813	23263
11367	23752
10114	27743
4864	28104
10432	20202
7265	21693
272	24326
8330	17380
800	24591
14140	20994
12094	22256
1119	25941
6279	15611
1442	26898
2042	25177
976	18306
11378	28151
2420	25134
6018	17517
11114	24924
9278	22355
10732	22704
14234	28758
8803	27318
6369	26659
3537	25315
2061	15089
11030	28057
3770	26394
7475	20226
11802	25677
4449	18433
10322	21474
2213	20919
1572	24405
3796	27834
14951	28909
9164	27442
9158	23666
8003	17822
7356	22210
13222	20168
12740	17479
11422	26090
6937	19588
7697	16281
9366	27519
3970	16540
11255	25635
196	24395
1623	29254
5363	22062
12964	26556
1003	17839
6709	26640
12148	27082
1861	18751
13946	19136
4412	15761
8618	21262
6020	15243
8367	15038
311	21498
14505	23899
8710	18461
7013	22319
3897	18457
12730	20091
5409	26171
14554	15534
32	18128
12483	28372
3007	19449
1721	23116
3405	17309
3682	15492
6093	26405
5117	24139
14333	26469
4962	19714
16	23986
1875	24823
5338	21147
4883	20946
5535	23386
9828	20287
7007	18383
1506	28122
658	17366
9671	23114
14343	20934
6250	18025
2997	20365
3740	29543
14224	22451
11325	18620
11115	18276
2967	24241
12688	25047
13426	28514
6901	24354
4074	27885
10161	23562
9048	18332
10777	25258
7465	26943
4434	17341
4334	25705
7929	25180
10174	28737
7068	24149
10055	27733
4245	21424
11968	25843
5574	23432
3407	19502
2180	25310
3080	15922
1267	25964
11408	17405
7489	19081
1150	18450
3570	23804
2919	23187
3466	29375
8077	23595
4197	20506
9246	27459
13208	18324
7319	20798
4510	17604
13936	28858
5766	27706
1162	24679
2364	23921
4812	16319
2085	18154
9384	26353
13475	28539
3692	19863
8165	24678
1932	15008
5019	25911
10279	22357
10968	28031
2973	29377
10865	18100
7320	26390
4418	18732
8066	15948
444	19475
6062	18029
3430	27308
3490	21600
250	20885
10097	19467
10380	16898
13200	18534
8396	16585
9208	27451
234	19587
12448	21885
5662	27411
5205	23838
3019	29081
6943	27705
12590	17274
5722	16510
9987	19590
11651	29066
5587	18214
10903	17457
11902	21624
7982	15812
11731	19669
6849	16211
13343	18863
12187	23764
11623	28212
8009	21804
6117	20515
14051	26219
12462	15729
12733	27099
3162	25354
8635	27263
13845	20013
3658	24686
12146	24496
1142	26610
7032	19790
11139	17264
3516	29674
5104	25952
10301	27787
10638	26225
7494	26400
4638	15365
9040	19674
11359	29637
11306	28132
14398	20851
14761	17227
2177	23444
9882	21644
3590	16077
11263	16860
8201	24698
10347	27814
7536	17614
9104	23555
14608	26315
3460	26846
4697	28673
5268	27189
9127	27431
958	24620
3238	18352
8520	20682
4698	16454
92	15425
6527	28715
7158	16073
11950	25592
7062	18156
7362	25903
10454	17685
8246	15405
8791	27316
5024	16544
12675	29983
5524	16199
14914	22297
3440	23652
1515	24813
2570	16760
13052	22829
2781	15742
14637	19898
4879	29088
9910	24282
12569	19392
2434	18734
1823	29409
6986	19788
2733	21027
2596	21703
11340	16424
7824	29073
3443	22637
3272	25383
2518	25808
717	24576
1778	26088
11714	15917
13800	20574
12327	15829
6145	25949
4718	19203
6360	21237
12502	16167
10855	29115
12949	19630
807	25302
2102	21020
14937	28904
2423	15214
9083	25518
5449	23797
8352	27203
2660	23605
5227	26070
10598	15923
11985	23518
12223	24073
840	29413
5898	25629
12029	27973
14859	25921
8333	17272
12478	29125
3913	19716
11668	18147
11225	20169
14986	20394
8616	27257
3483	16386
7556	22331
1796	16455
7823	26529
10057	19462
580	16116
1182	18722
242	24408
14599	21159
12105	27838
11083	20551
3726	21630
14336	24406
1999	24973
722	23051
13266	28477
10688	22702
5967	29705
634	23701
12037	16535
7665	27390
14402	19762
11809	28263
12391	28354
8074	20866
7209	21072
13420	28508
427	24477
1990	29164
12374	23773
13076	25330
999	27092
4332	29833
4416	15590
11776	23576
5508	17821
3314	18233
7618	20799
5273	23661
3077	15955
5755	24320
14370	20971
4315	27141
11362	15308
919	29027
14875	22292
3795	16885
11830	16135
10261	15853
4787	20430
7212	25501
1241	21820
2876	29714
2994	19055
76	21172
169	17852
102	21291
7847	29022
442	16768
6365	20041
8192	18972
1016	17761
8492	27877
6210	23162
1867	18513
13506	28586
8026	16514
10535	27042
2956	24414
2929	29508
13748	28613
10605	27898
8185	17370
12896	15591
7377	21682
1056	20927
5901	23054
9361	27514
3114	19494
2840	18633
2237	22342
8511	21007
9975	20710
14221	19452
10417	27284
213	18106
8610	23886
6749	17387
12263	21236
7300	24094
762	24744
6270	21462
6609	24772
11660	21620
6546	20081
10160	19379
9125	22520
3113	24377
3759	25524
1850	17747
3602	20791
7329	20434
14139	28732
8537	23290
4890	25874
2750	17828
10233	23590
11025	26952
2438	23168
224	24400
8230	18851
11421	17592
11171	28092
13639	25853
437	17105
2010	18178
4458	23503
89	26915
3648	29918
6785	23470
14397	25280
8837	27327
5518	17301
1731	29113
1114	23995
2884	22179
9532	20448
1265	26056
4838	25862
9996	19339
755	16394
12176	29659
11355	26794
1558	18790
11284	29279
7384	18814
12319	22733
5389	17551
14644	28843
1674	21856
2991	19572
7398	17097
7709	18315
9627	22575
3457	23237
6315	19597
4986	25902
2319	29566
9310	15806
10216	21920
4831	21905
7994	22343
11829	19756
14895	28889
533	20565
4237	28969
13935	26664
12640	18007
10265	27778
13078	29604
9652	27628
11252	22442
8761	18560
6449	22877
6700	17753
6310	28927
8052	19200
1920	20560
9022	27400
12293	23400
10918	22439
6347	20825
10524	29222
12867	20653
2819	21740
8051	29325
7832	27032
3249	25931
6383	19852
12564	15773
509	21031
11370	21889
319	24428
13198	17464
6857	23509
6054	22627
12742	22314
3135	16329
10888	26042
2164	15784
9916	27886
9569	18813
4785	16994
13663	29515
5332	17399
8928	27359
7643	18690
2156	21375
11390	28157
14762	16992
14839	21697
12101	17708
8164	15334
11223	29330
10910	19668
9645	27623
13162	24325
58	19574
4685	28807
3500	15678
11568	20450
14308	25070
14321	29276
3303	26540
4357	15009
10144	24312
6912	29959
14792	17989
6532	22880
13407	15506
9242	24410
5200	15863
151	29954
13372	28494
9165	27443
4022	27846
14557	26424
6039	26433
2032	20269
7517	26649
10640	16262
11784	20179
5406	23745
2068	15103
9377	20735
2226	25063
6033	15331
5156	25119
10204	22107
14460	16478
14176	22900
126	27081
13910	22896
8519	27240
2804	15954
8202	29074
10683	20624
2386	25117
1870	17346
1648	29265
7327	15073
9457	17143
5980	21943
10652	25756
2723	25246
9214	22128
4947	22456
14732	18122
11435	21203
7220	29497
14391	15589
13400	28503
3307	22707
3827	20451
2734	15996
10093	24455
1112	15500
7336	22043
4274	24212
12638	20737
14573	22499
10239	19488
5689	28933
1144	28741
14082	17181
5749	22177
9554	22568
11639	19180
8992	24767
12993	26003
3180	19497
6605	26441
6401	20165
2587	25196
1967	18404
5281	19516
4805	22489
1588	27062
2797	25272
