3145	17623
3023	17498
888	15371
14979	29969
14098	29110
3000	17473
3363	17840
14963	29950
3458	17933
10894	25974
12631	27697
6099	21040
930	15411
2323	16789
8544	23582
14247	29253
9526	24571
11124	26420
5417	20331
3323	17802
653	15145
14966	29953
815	15303
7029	21779
13610	28622
5514	20422
12429	27508
13111	28143
9556	24603
6701	21660
4650	19095
3436	17910
1369	15847
2623	17092
3747	18214
9419	24462
6010	20926
9494	24541
12622	27689
9212	24254
11612	26684
6201	21136
13254	28268
1109	15589
8755	23803
13156	28182
14219	29225
6222	21154
8876	23927
4168	18622
12826	27877
9992	25049
3262	17739
12840	21080
9787	24837
2334	16800
9486	24533
5061	19506
5897	20815
11378	26451
562	20011
9173	24214
11092	26171
638	15128
2202	16668
14779	29766
5697	20616
234	19889
14021	20170
14890	29880
14939	29926
14243	29249
10949	26024
10101	25147
11965	27025
8673	23711
8431	23478
2728	17202
2780	17252
6426	21361
9015	24059
13969	27669
1017	15483
7505	22557
12061	27126
2467	16935
6039	20959
2455	16924
9206	24247
4895	19345
9309	24352
11628	26700
3633	23911
6619	21578
9413	24456
9440	24484
13100	28133
7214	22170
5919	16054
3815	18283
1979	16444
480	19711
6952	21918
4742	19184
3652	18126
10098	25144
13853	28858
7462	22512
9343	24386
14644	29644
10996	26075
8699	23735
7105	22068
13584	28596
1886	16352
11405	26477
8300	23344
11931	26991
5392	20306
2795	17267
4510	18951
656	15158
9740	24792
12482	27560
4084	18542
4336	18779
11530	26600
1259	15736
5441	20352
12158	27238
4251	18707
8929	23977
12077	27141
14262	29267
6136	21068
13987	28999
14073	29080
3474	17709
5025	19469
14653	29654
8107	23167
4672	19116
11834	26897
11500	26570
8663	23702
5292	20216
4068	18527
13491	28500
10367	25432
14384	29387
14284	29289
2709	17184
10344	25409
12847	27896
7812	22861
9889	24941
2087	16553
13983	28993
5206	20123
9674	24726
934	15416
295	15072
4144	18603
3081	17556
10583	25646
10131	25178
11022	26100
9273	24316
4589	19031
4517	18958
4606	19045
1163	15643
13460	28470
6747	21707
1608	16086
7884	22929
6820	21784
2102	16568
1360	15838
640	15131
7411	22458
12549	27620
6132	21064
13602	28614
10235	25290
4496	18936
5657	20571
14231	29237
6414	21349
10247	25307
8746	23794
6260	21189
8258	23838
13075	28110
13589	28601
11558	26626
5999	20915
3318	17798
11976	27036
1519	15994
8463	17543
2041	16509
3157	17635
2585	20734
13189	28215
604	15095
9761	24812
12237	27317
6167	21102
12220	27297
2998	17471
5110	19555
5995	20911
9785	24835
13758	28765
5393	20307
632	15123
12537	27610
3037	17512
14798	29794
4823	19270
10012	25070
7492	17114
13884	28888
7439	22486
7970	23011
12913	27955
12557	27628
13035	28071
9579	24627
13113	28145
7945	22989
10957	26032
10751	25822
405	19824
6720	21678
2911	17385
11843	26905
14590	29593
491	19624
13287	28299
4722	19165
8214	23262
12223	27304
2339	16804
2833	17311
12361	27442
8148	23209
2159	16626
4248	18704
6423	21358
2826	17304
5041	19486
693	15182
4273	18718
1392	15869
13268	22357
11228	26295
3591	18062
7373	22399
3961	18423
8455	23502
9445	24489
5623	20533
14868	29860
1698	16171
5843	20759
11621	26693
9610	24658
645	15137
14634	29637
885	15366
6556	21501
1042	15501
8323	23370
10822	25896
7859	22906
1521	15997
11923	26983
9772	24822
1094	15574
13789	28795
11354	26426
1188	15666
6937	21903
11630	26702
4002	20966
12282	27362
14325	29329
5874	20790
5396	20310
9075	24120
3455	17930
4422	18863
9749	24800
1596	16069
1495	15971
10914	25994
8437	23483
7290	22286
1485	15961
14526	29527
1022	15489
12137	27217
13493	28502
13998	29008
2443	16913
10526	25588
10162	25206
14593	29596
7081	22044
3871	18335
2105	16571
8244	23291
4182	18636
9845	24896
8590	23629
7052	22020
4207	18662
7122	22083
11131	26208
4628	19072
6061	20995
12148	27228
7316	22310
10981	26056
456	20064
13042	28078
14018	20560
2921	17396
11028	26106
11674	26743
9914	24966
1980	16445
14726	29726
6746	21705
3493	17966
1602	16079
14575	29578
10617	25680
13388	28394
2577	17045
11769	15777
1577	16052
8471	23515
8198	23022
7477	22526
11785	26846
4679	19122
795	15282
5481	20389
9412	24455
4269	20978
10025	15738
8825	23878
12088	27168
10943	26018
9788	24838
29	15029
2400	16869
11406	26478
749	15238
6478	21415
12570	27639
13977	28988
10690	25760
3751	18218
14076	29083
1843	16309
3745	18212
8265	23311
857	21548
6841	21805
13678	28687
5987	20903
13219	28234
9809	24860
6830	21794
14273	29279
10089	25136
3450	17924
6796	21759
3342	17818
5164	19606
2256	16723
1568	16042
2747	17221
6046	20980
5746	20663
10050	25101
10762	25837
13664	24977
8605	23645
13966	28978
6759	21719
6789	21750
440	15089
10992	26071
11387	26460
9764	24814
8810	23865
4890	19340
9810	24861
5675	20594
5971	20887
13148	28176
10130	25177
1087	15567
1757	16228
14232	29238
14281	29286
6653	21612
5410	20324
14203	29214
12461	27540
11102	26178
8372	23418
13945	28957
2162	16629
9382	24387
6530	21473
2385	16854
6410	21344
14160	29173
7088	22051
387	20094
14198	29208
8832	23885
10352	25417
3897	18358
12272	27353
419	20059
12366	27447
6570	21515
2279	16745
11226	26293
4440	18881
197	19991
4880	19329
1050	15510
3903	18364
6267	21196
3268	17745
2151	16618
14463	29464
532	19897
14820	29814
10056	25108
6012	20928
11281	26350
7256	22256
5875	20792
3481	17954
14158	29168
7184	22139
13408	28415
1468	15943
571	19689
1349	15827
7153	22109
14942	29929
13718	28727
14861	29853
12064	27129
13095	28128
14135	29144
10272	25336
11652	26723
5687	20606
9283	24325
6578	21524
2779	25303
5297	20222
3920	18382
6686	21645
8154	23215
3362	17839
7230	22203
9752	24803
10728	25798
3086	17561
5338	20253
10659	25731
2592	17061
8481	23526
11815	26878
10960	26035
2436	16906
14453	29454
13578	28590
3306	17785
5706	20625
1405	15882
902	15383
14436	29438
2810	17288
10746	25817
12910	22353
11685	26752
11413	26484
1579	15197
4199	18654
12480	27558
6024	20942
5136	19580
993	15517
10637	25699
10938	26013
1225	15701
14147	29156
7025	21992
14450	29451
9084	24129
484	19842
2613	17082
3513	17984
1996	16461
12252	27333
11388	26461
8312	23361
8719	23754
8383	23429
6322	21258
1124	15604
13390	28398
9073	24118
4180	18634
9443	24487
14991	29988
2029	16497
8016	23073
9647	24700
13604	28616
12332	27417
11429	26499
11811	26871
7464	22513
9634	24687
13644	28655
1552	16027
9677	24729
8270	23313
3737	18203
773	15261
12474	27551
11006	26085
337	19854
10093	25139
6437	21372
11209	26276
12941	27981
11138	26212
10392	25456
7948	22992
7277	22274
11490	26561
10274	25338
13345	28353
2023	16491
1433	15909
12829	27880
5891	20809
7391	22417
14344	29347
239	19890
3322	26763
5215	20128
889	15372
10433	25496
236	25246
8159	23226
13414	28421
11631	26703
2153	16620
109	19859
5311	20228
13765	28772
10137	25183
4830	19375
3846	18311
7032	21999
9323	24366
2796	17272
3669	21467
14867	29858
4647	19091
122	19861
6885	21851
5574	20482
7961	23004
774	15262
832	15320
4090	18548
9797	24849
8485	23528
11214	26281
9307	24350
3204	17680
1939	16404
10511	25572
8250	23297
14143	29152
8882	23934
7802	22852
2569	17037
3612	18083
2830	17308
7172	22127
6517	21460
11801	26862
13338	28346
5855	20771
2950	17423
12541	27614
4759	19206
9757	24808
9201	24242
12022	27087
3891	18354
14417	29420
7643	22695
151	20097
12110	27189
7562	22612
5554	20460
3498	17971
2379	16846
5008	19456
3813	18281
503	20075
7965	23006
11745	26810
13327	28336
14355	29358
9372	24417
4764	19211
12621	27688
8428	23476
5268	20197
8488	24183
9505	24551
4763	19210
5367	20282
9286	24328
8195	23018
10935	26010
11073	26151
2259	16726
6512	21450
8339	23386
9389	24431
3678	18148
6710	21668
4350	18793
4906	19355
12074	27138
14259	24743
6118	21050
293	19641
7744	22794
10248	25308
13601	28613
9848	24899
4492	18932
12715	22427
7495	22547
14305	29309
1217	15693
10838	25912
2885	17361
12753	27808
10355	25420
12201	27283
8557	23594
7607	22624
12415	27494
10341	25406
1352	15830
12990	28030
12117	27196
12677	27740
2811	17289
787	15274
12713	27772
4154	18610
11759	26823
11797	26858
7762	22812
8990	24032
4811	19258
4304	18748
13919	28927
7728	22779
10733	25803
3907	18370
1995	16460
2404	16873
3299	17777
12723	27781
12130	27209
12032	27096
1453	15929
6811	21774
1653	16128
2915	17390
3129	17604
9057	24104
12346	27427
262	19996
5666	20580
7147	20183
14805	29801
5692	20611
2114	16581
3660	18138
7496	22548
357	20027
1761	16232
14191	29201
6176	21111
4985	19431
10618	25681
8905	23953
1535	16010
14975	29965
10776	25855
12041	27105
6391	21325
14335	29339
1152	15631
14599	29602
14958	29945
14708	29710
1014	15480
6323	21259
13652	28663
2352	16817
6644	21603
9083	24128
5056	19501
14035	29042
14848	29840
13817	28820
9	15008
13410	28417
4352	18795
14410	29413
7502	22554
7212	22179
113	19762
10972	26047
7270	22267
14840	29833
14630	29632
13654	28665
8114	23173
14061	29067
12662	27727
7371	22397
13768	28774
2428	16899
1381	23328
9165	24206
14679	29680
13154	28180
128	19880
12801	27853
8304	23347
5444	28968
8024	23079
3050	17525
12357	27438
8158	23219
3593	18064
3789	18258
3280	17757
5260	20178
12872	27918
7843	22891
5079	19526
6171	21106
3852	18317
6114	21046
7954	22997
10907	25987
7444	22491
2641	17104
1731	16200
543	20010
13177	28204
1626	16102
13302	28312
13278	28290
626	15118
291	25251
9257	24300
10817	25891
8295	23340
2444	22611
12236	27316
12161	27241
6595	21540
5175	18101
2466	16934
3273	17750
3979	18441
13450	28458
1406	15883
6139	21071
4158	29983
5250	20168
11181	26250
4911	19359
14843	29836
1598	16071
6558	21503
9548	24595
4723	18752
4318	23355
11638	26710
289	19622
14763	29762
5505	20413
9943	24994
10944	26019
2935	17408
6793	21754
2342	16807
5243	19280
12001	27067
4292	18737
4514	18955
12299	27381
3974	18436
7661	22713
10112	25159
14094	29102
1855	16322
4562	19005
2544	17011
1841	16313
11031	26111
14471	29472
12144	27224
966	15449
7793	22843
10451	25513
317	20049
4293	18738
8701	23737
5547	20455
3446	17921
5202	20119
3403	17878
14196	29206
4063	18521
3727	18195
10973	26048
5544	20452
4394	18836
3279	17756
14299	29304
1839	16306
12592	27657
7119	22080
14832	29825
10909	25989
12068	27132
1515	15990
4550	18991
7030	21997
5779	20694
5596	20504
8498	23538
13158	28184
8425	23473
8761	23809
2201	16667
5331	20240
2427	16897
14006	29016
5006	19451
13470	28480
2061	16528
6037	20957
13661	28719
9759	24810
6951	21917
6666	21625
905	15386
8979	24021
11478	26549
5092	22653
5949	20866
13561	28574
11391	26464
5530	20438
9197	24238
6245	21175
14775	29774
11864	26927
4524	18965
9658	24711
6727	21684
4846	19294
13846	28849
4202	18657
12087	27167
1781	16251
8417	23465
746	15235
1922	16387
2046	16514
2635	17099
1387	15865
8577	23616
6601	21562
11134	26211
9856	24908
11241	26311
9281	24323
11775	26836
5641	20552
4627	19071
8996	24040
14846	29839
5881	20797
14445	29446
4160	18614
8986	24028
11660	26731
7412	22459
9703	24756
14027	29034
9799	24851
3361	17838
8559	23596
14530	29531
12230	27310
8432	23479
5359	17274
1998	16463
14430	24859
5264	20190
9669	24721
14483	29484
14551	29553
3525	17998
8408	23455
10853	25932
6991	21958
13647	28658
2176	16642
842	15329
6551	21496
13106	28139
12748	27804
914	15396
13598	28609
11382	26459
8533	23572
5021	19464
4346	18789
9361	24406
367	20091
11686	26753
1814	16284
13377	28384
2190	16656
4200	18655
837	15324
770	15258
11396	26469
6460	21397
14690	29690
14291	29301
6613	21572
7796	22846
5867	20783
14815	29809
2287	16753
13703	28711
7022	21989
3376	17851
14921	29911
663	15154
6208	23357
12343	27426
2677	17167
3950	18412
11176	26245
2619	17088
14500	29501
3895	24253
4332	18775
8358	23486
798	15285
9056	24103
7897	22944
11760	26824
11938	26998
4434	18876
14983	29977
5757	20674
1404	15881
7014	21981
873	15357
8999	24043
4395	18837
582	19717
3994	18456
13376	28383
8692	23730
14854	29846
2327	16793
14496	29497
2652	17129
13752	28759
11163	26233
11567	26639
5319	20232
833	15321
2037	16505
7953	22996
1327	15806
1576	16051
18	15016
12763	27818
8332	23379
13183	28210
732	15219
8735	23783
5323	20235
124	19725
4267	20974
7629	22681
1340	15819
11109	26184
7925	22970
12303	27385
12167	27245
9233	24274
5390	20304
5476	20384
6328	21264
5413	20327
8667	23706
1479	15958
12830	27881
369	20029
7117	22078
9895	24947
6629	21588
4527	18977
6615	21574
11380	26453
5714	20633
10541	25603
14469	29470
12229	27309
6367	21304
4901	19350
4412	18853
1533	16008
11663	22181
11753	18811
4130	18590
6125	21057
9488	24534
10724	25794
11017	26095
10398	25461
6821	21785
6429	21364
1981	16446
10176	25219
368	20007
12107	27186
178	19884
9345	24389
5220	20136
389	19696
1725	16194
756	15245
2295	16761
10835	25909
1927	16392
1464	15939
8050	23106
14138	29147
13707	28716
14031	29038
12128	27207
12768	27823
3135	17613
11233	26300
5745	20662
10598	25661
4203	18658
12417	27496
10142	25188
2701	22494
1195	22201
14059	29065
6978	21945
11541	26611
5426	20339
10271	25324
8512	23552
5380	20294
12687	27747
4093	18553
11667	26736
3861	18326
2497	16964
1008	15475
5005	19450
2742	17216
11891	26952
1105	15585
3236	17713
12851	27900
14831	29824
14943	29930
13778	28785
14133	29142
1442	15924
8388	23434
316	15074
12446	22337
14045	29051
3296	17773
1569	16043
10113	25160
13447	28455
10345	25410
14579	29581
5154	19595
897	21549
10506	25577
10958	26033
13773	28779
14777	29776
12717	27775
5234	20152
10428	25491
14589	29591
12921	27961
8609	23649
13744	28752
14367	29370
2831	17309
10001	25056
7136	21866
70	15068
6837	21801
2629	17095
10538	25600
1375	15853
3710	18179
1186	15682
1367	15845
1820	16365
605	15097
6051	20985
2557	17025
6982	21949
6524	21469
13471	28481
8277	23320
4984	19430
14774	29773
6354	21291
6848	21812
5139	19583
1490	15966
12948	27988
9065	24111
5838	20754
12895	27938
8708	23745
12697	27757
4344	18787
7351	22378
8695	23733
11654	26725
14716	29716
5236	20154
9606	24654
1242	15725
871	15355
7234	22215
9458	24505
11781	26842
10920	25999
7753	22804
9521	24565
9840	24891
11231	26298
1190	15668
5860	20776
12364	27445
594	20093
6990	21957
12276	27357
5010	19453
4076	18534
5063	19509
3726	18194
2478	16946
4308	18750
2900	17375
8627	23666
13217	28232
12033	27097
308	19815
11700	26766
5450	20358
8035	23091
10609	25672
10657	25729
10375	25441
5925	20842
1919	16384
2611	17080
13775	28781
14884	29874
4232	18688
4813	19260
2318	16784
5127	19572
1328	15807
2018	16485
13657	28668
9873	24925
2161	16628
8361	23407
13	15012
10575	25637
2143	16611
7499	22551
5879	20796
3255	17732
3960	18422
14186	29196
395	19876
13918	28926
11242	26312
1987	16452
3331	17808
8994	24036
3887	18350
6753	21713
4838	19272
8251	23302
10310	25374
8770	23818
7689	22739
8619	23659
8329	23376
10888	25967
14261	29266
1815	16285
13645	28656
6360	21297
10408	25378
9076	24121
5670	20583
4275	18720
13672	28681
6334	21271
14456	29456
12574	27643
5276	21456
13520	28532
12191	27273
5132	19577
12750	27806
10220	25276
752	15241
12408	27487
3182	17659
1677	16150
7335	22365
551	19845
4448	18889
13441	28449
11454	26525
4098	18558
8753	23802
14683	29683
3753	18221
9893	24944
13558	28570
7528	22578
13138	28168
2425	16895
4383	18826
12529	27604
2960	17432
612	15104
11741	26806
13326	28335
7770	22820
9888	24940
3694	18164
14781	29778
2193	16659
1281	15758
14574	29577
9124	24168
2064	16531
3250	17727
13674	28683
2004	16469
5294	20218
7251	22251
11325	26393
12994	28034
1219	15695
4433	18875
6553	21498
11866	26929
11371	26444
3165	17643
363	19821
10844	25924
4549	22343
3313	17793
6468	21405
6421	21356
5770	20686
11324	26392
5214	20139
9504	26625
8944	23989
2994	17467
2189	16655
6648	21607
7924	22969
8473	23518
909	15391
9964	25017
3064	17539
2891	16576
9958	25012
5778	20693
5829	20746
11992	27050
12207	27289
12023	27086
34	15031
585	19838
12182	27260
12970	28010
434	19827
14506	29507
12981	28021
4677	27783
7756	22807
10110	25157
2700	17176
845	15333
14542	29543
14490	29491
8940	23986
12287	27367
11857	26919
8413	23460
9565	24612
1077	15557
515	19844
13307	28317
6390	21706
9294	24336
6691	21651
11161	26231
9796	24847
11738	26803
10592	25655
13238	28253
8011	23068
670	15162
8378	23424
1710	26059
3492	17965
1348	22167
13434	28442
14251	29257
5418	20332
9777	24827
11407	26479
10602	25668
4681	19124
14039	25304
11372	26445
9063	24069
13780	28787
3256	17733
6082	21018
6667	21626
6645	21604
3800	18269
7546	22595
2126	16593
1159	15638
13422	28429
11435	26505
13038	28074
3133	17611
13874	28879
848	15336
1736	16206
13515	28527
4513	18954
7827	22876
3551	18024
4567	19010
8752	23800
3456	17931
11648	26720
9699	24752
12650	27716
2985	17455
14	27401
9710	24764
11899	26960
10549	25611
2630	22542
13993	29002
980	15461
8201	23026
8252	23303
12418	27497
89	19967
7789	22839
14787	29785
4179	18633
14498	29499
11422	26493
11963	27023
8126	23185
12373	27453
12844	27893
2	28201
546	19794
3609	18080
987	15482
4240	18696
8521	23561
9709	24763
3207	17683
14955	29942
164	19933
13044	28080
8953	23997
10554	25616
13058	28093
9617	24666
6856	21820
9040	24088
11009	25934
2741	17215
14170	29180
545	19715
10369	25436
4149	18606
2873	17352
13897	28902
8222	23270
12888	27933
14849	29841
12902	22348
1016	15635
9821	24872
8978	24019
3878	18342
12311	27393
10289	25353
4348	18791
12599	22424
2227	16692
5226	20144
3484	17957
9783	24833
8444	23494
11112	26188
11549	26619
14699	29701
13690	28699
5801	20716
3411	17887
13184	28211
8967	24010
8918	23966
10525	25587
6673	21631
10719	25788
9448	24496
13071	28106
12959	27999
10118	25165
14887	29877
10079	25130
10842	25922
9354	24398
6688	21648
3992	18454
213	27559
5344	20260
7920	22965
7994	23052
9689	24741
12984	22219
14357	29360
3511	17981
9834	24885
8164	23225
7175	22130
12727	27786
6371	21308
14871	29862
10347	25412
6303	21235
11003	26082
1000	15523
13364	28371
4919	19365
728	28942
1560	16035
12448	27527
13915	28923
9303	24346
165	19629
6704	21663
7688	22738
11859	26922
12857	28459
9420	24463
8066	23125
12198	27278
936	15418
4015	18477
3929	18388
10426	25489
3966	18428
14330	29334
11623	26695
6995	21962
9737	24789
13970	28981
7717	22766
3099	17575
8924	23972
8275	23318
10902	19544
14091	29099
2187	16653
4454	18895
7704	22753
10670	25740
6074	21008
5837	20753
6022	20940
3943	18405
13051	28087
2249	16716
4051	18510
11699	26765
14438	29440
8029	23085
9218	24260
6916	21884
12945	27987
7887	22934
7382	22406
12528	27603
490	19983
5055	19500
13423	28430
13722	28729
11207	26274
10373	25831
7262	22243
2789	17607
2133	16600
7520	22571
1906	16074
13943	28955
13988	28998
13995	29004
3014	17489
4561	19001
982	15463
4398	18840
11968	27028
12003	27068
264	19777
2435	16905
6080	21015
6066	21000
9897	24949
5315	20231
928	15410
7931	22976
10286	25350
7098	22061
10261	25322
5184	20103
6389	21447
12993	28033
9184	25032
1129	15610
3640	18112
13020	28057
11832	26895
11056	26134
531	19835
5053	19498
7472	22521
863	15347
12718	27776
4198	18653
4465	18905
8151	23212
11145	26196
10060	25110
10264	25326
3778	18247
1574	16049
2671	17148
9224	24266
8420	23468
1269	15746
1863	16330
7468	22517
3618	18089
10212	25267
3263	17740
3067	17542
12598	27665
13258	28272
11019	26097
7219	22188
7868	24665
1319	15798
705	15192
10477	25540
2331	16797
6320	21256
3335	17812
1849	16316
1128	15608
273	25249
3121	17597
1333	15812
12785	27839
3528	18001
3131	17609
3722	18190
4688	19131
5346	20262
2600	17069
7475	22524
13946	28958
6625	21584
8051	23107
6637	21596
9561	24608
1921	16386
7162	22118
11300	26371
10790	25867
4578	19021
2723	17198
5052	19497
2987	17457
14516	29517
11259	26329
12319	27404
4636	19080
3624	18095
8895	25716
10276	25340
8866	23917
9967	25020
12584	27650
13552	28564
8760	23808
3552	18025
11873	26936
6839	21803
11747	26812
8949	23993
9348	24392
10792	25869
5852	20768
6206	21141
11952	27012
3072	17548
12726	27785
5278	21458
2451	16920
4286	18731
9843	24894
6213	21145
8342	23389
3435	17909
8854	23904
9961	25015
14475	29476
5349	20265
3180	17657
5698	25963
3179	17656
895	15378
9010	24054
607	15099
14342	29345
1176	15656
6388	21326
11702	26768
3470	17946
8748	23796
439	20008
9048	24095
8196	23019
7369	22395
6684	21643
1	20508
3343	17820
9887	24939
5143	19587
8462	23509
9154	24195
14883	29873
9182	24224
12672	27736
14407	29410
12226	27307
9495	24542
11562	26634
13975	28987
1400	15877
4608	19048
9537	24582
8694	23732
4571	19014
14791	20938
12742	27798
182	20084
7399	22446
5568	20476
10442	25504
1312	15791
10635	25697
3526	17999
1555	16030
7524	22575
2148	16604
9142	24184
10284	25349
11081	26159
13509	28521
14936	29923
11447	26518
6835	21799
517	19687
4618	19060
14734	29733
5821	20737
10197	25254
7845	22892
9263	24306
1663	16138
10874	25952
3748	18215
13083	28116
8579	23614
10809	25834
1989	16454
7932	22977
4717	19160
3106	17582
10167	25208
13209	22441
912	15394
76	19649
6163	21097
8173	23233
8806	23861
14692	29693
10839	25917
4853	19302
6936	21902
2695	17171
13865	28869
11978	25122
9369	24414
5951	20868
9814	24865
9022	24067
10	20791
8785	23831
9242	24284
6762	21722
2012	16478
3763	18232
1209	18341
5948	20865
12449	27528
9511	24556
41	15038
6035	20955
14320	29324
726	15214
11046	26124
1049	15509
11168	26238
12863	27910
2322	16788
5070	19516
5545	20453
6247	21178
9480	24526
13947	28959
622	15114
6461	21398
4040	25725
7885	22931
2690	17166
13425	28432
5866	20782
5573	20481
10146	19003
8860	23910
4365	18807
6617	21576
4103	18564
6105	21037
5703	20621
13917	28925
7915	22960
3353	17829
386	20056
7837	22885
3842	18308
9518	24570
245	19719
6013	20929
2182	16648
10121	25168
7361	22388
10572	15195
11609	26681
5330	20239
3149	17628
10275	25339
4531	18972
6804	21767
2576	17044
2863	17342
1986	16451
11296	26365
4983	19429
1144	15626
14081	29088
11266	26335
4271	20979
11194	26263
7834	22882
470	19751
12027	27091
1088	15568
8145	23206
10174	25217
11810	26872
11818	26881
9101	24146
10209	25266
13039	28076
13783	28790
10927	26004
2890	17366
5892	20810
5351	20267
14401	29404
1383	15861
3385	17859
5513	20421
13099	28132
12024	27088
8508	23548
12617	27684
805	15292
9391	24434
2714	17189
7608	22660
14869	29859
3890	18353
8887	23938
14137	29146
4191	18647
2261	16727
4832	19282
12932	27972
13211	28226
5012	19457
4195	18651
973	25636
9688	24740
14187	29197
1385	15863
4242	18698
3102	17578
6567	21512
13713	28722
8560	23599
9681	24733
3039	17514
14403	29406
892	15375
14738	23772
6795	21757
710	15199
4501	18942
9158	24199
2886	17362
138	19881
11260	26330
424	19826
10378	25444
4519	18960
2267	16733
10301	25364
5485	20393
3084	17559
12421	27501
1633	16109
14856	29848
1551	16026
12928	27968
10717	25786
2710	17185
14379	29382
5527	20435
3702	18171
2304	16770
12259	27340
1410	27125
1697	16170
410	19697
14762	29761
14088	29096
3631	18106
4921	19367
11515	26586
6702	21661
13417	28424
6169	21104
2871	17349
4956	19402
10120	25167
12455	27534
12221	27302
393	20057
4635	19079
12638	27704
6188	21123
13992	29005
13679	28688
6768	21729
2970	17441
7318	22311
7579	22629
10379	25445
9535	24580
6462	21399
6463	21400
1588	16062
12879	27925
1263	15741
1539	16014
3837	18304
12034	27098
4404	18846
5581	20489
655	15147
4249	18705
11455	26526
2575	17043
4030	18492
8097	22434
139	19768
13201	21101
10702	25772
7110	22072
1953	16418
13401	28408
8365	23411
10815	25889
13070	28105
1471	15944
11146	26197
11217	26284
14684	29684
7449	22497
3729	18197
5742	20660
13286	28298
3615	18086
588	20071
4831	19278
5026	19470
1541	16016
14150	29159
918	15400
8620	23660
811	15298
4923	19369
13344	28352
5119	19564
8245	23292
5603	20513
5978	20894
7875	22921
7312	22306
12633	27699
362	19703
2948	17421
6025	20943
9624	24677
7870	22917
6880	21846
12767	27822
7560	22609
3246	17723
3346	17823
10584	25647
2316	16782
7686	22736
9923	24975
8763	23811
11446	26517
12333	27418
280	19694
3152	17630
4728	19170
7304	22300
9875	24927
14180	29190
8240	23288
12612	27679
14324	29328
2978	17448
11555	26628
2449	16918
10915	25995
11148	26219
3951	18413
6218	21150
14211	29104
1218	15694
10603	25665
4804	19251
5968	20884
2234	16700
9080	24125
3707	18176
10979	26054
420	19877
13109	28141
12800	23038
8003	23061
12142	27222
6058	20992
5277	21457
8969	24012
9123	24167
6490	21427
14865	22641
6825	21789
10285	25348
9804	24848
1721	16192
13433	28440
5189	20107
9590	24637
4014	18476
13200	29651
6236	21168
12188	27270
14570	29572
14481	29482
2658	17135
12099	27179
6871	21836
2017	16484
6634	21593
13627	28639
5350	20266
14802	29798
5900	20818
9456	24503
999	15522
916	15398
5510	20418
7493	17112
6485	21422
2790	23443
2078	16544
10194	25242
6510	21448
11486	26557
7751	22801
2783	17254
12498	27574
11088	26166
12588	27653
10307	25371
1233	15716
1827	16294
4848	19296
2615	17084
3460	24670
13194	22345
10372	25439
5827	20744
8352	23399
14322	29326
4032	18493
3589	18060
10677	25747
14952	29939
8571	23609
12944	27984
8807	23862
6469	21406
14535	29536
11972	27032
3845	18310
11884	26946
10585	25648
9860	24914
84	19953
7790	22840
4965	19411
11878	26941
9449	24495
4694	19138
4820	19267
4971	19417
687	15178
12512	27588
14920	29912
12766	27821
11440	26511
13554	28566
8118	23178
13800	21552
5017	19461
4024	18486
7463	28909
975	15456
11721	26786
8140	23201
10354	25419
4453	18894
8516	23556
10046	25097
14425	29428
1027	15474
7558	22607
2073	16539
11336	26404
96	19799
9672	24724
4119	18579
10801	25878
1344	15823
6806	21769
8925	23973
8217	23265
3616	18087
13002	28042
10135	25181
8672	23710
13207	28224
6904	21872
7139	22094
435	20033
7206	22160
12196	27464
14789	29786
3884	18347
3949	18411
6305	17206
1941	16406
14290	29300
737	15225
14859	29851
10007	25064
5117	19562
9292	24334
8449	23493
11235	26302
7441	22488
5227	20145
1208	15686
12080	27145
3855	18320
13706	28715
2138	16606
2450	16919
4834	19279
8063	23120
13133	28163
478	27158
14704	29706
11282	26351
14406	29409
10325	25390
637	15129
228	20088
12009	27073
106	19970
11007	26086
10467	25530
6843	21807
4413	18854
5751	20667
8019	23075
13632	23157
11871	26934
2930	17403
9620	24674
7049	22017
6548	21493
9517	24562
13540	28552
7774	22824
14184	29194
10199	21556
1441	15920
11724	26789
9722	24775
14894	29884
9878	24930
8837	23889
4976	19422
9225	24267
8421	23469
1992	16457
1810	16280
6255	21186
5873	20789
5428	27395
7083	22046
11037	26115
6376	21313
13607	28619
6237	21169
8535	23574
13409	28416
5807	20722
12478	27555
13693	28702
10244	25298
7384	22410
14666	29667
4088	18546
2843	17322
10891	25971
9560	24607
4268	20975
3948	18410
3487	17960
10309	25373
12085	27165
10612	25675
7059	22026
610	15102
6309	21242
3777	18246
7322	22315
10030	24038
11786	26847
10965	26041
13971	28982
10514	25576
10499	25562
2902	17377
11186	26255
7365	22389
429	15081
10824	25898
1038	15542
4797	19244
7319	22312
3085	17560
6950	21916
11830	26893
1701	16174
6722	21679
2966	17438
11295	26364
6911	21879
11532	26602
2307	16773
4487	18927
2414	17023
6484	21421
1206	15684
12093	27173
2969	17440
4961	19407
14543	29544
2989	17461
13696	28705
475	19841
13029	28065
4054	18512
10699	25770
12296	27378
7208	22162
7681	22208
14611	29614
14216	29222
2554	17021
2131	16598
10178	25221
77	19921
4007	18468
2851	17330
11519	26589
11271	26340
7626	22678
14950	29937
14070	29077
12918	27958
14220	29226
6712	21670
5733	20651
13666	28675
8348	23383
181	19772
5828	20745
5134	19507
10036	25086
370	19675
8680	23718
11556	26627
188	19866
8469	23514
6145	21078
3731	18199
5137	19581
7888	22935
14375	29378
4910	19358
8427	23475
14341	29343
5619	20529
12391	27471
176	20000
2288	16754
9774	24825
13683	28692
10548	25610
9347	24391
4092	18552
10578	25643
14622	29625
11204	26271
6788	21749
12466	27545
3223	17699
1637	16113
6545	21490
13732	28738
7426	22472
10704	25774
8661	23701
8136	23196
11523	26593
4557	18998
5299	20224
7469	22518
1739	16209
6404	21338
14329	29333
4711	19154
12394	27474
672	15164
11936	26996
11531	26601
625	15117
10673	25743
9499	24546
2335	16801
14935	29922
1901	16367
14567	29569
13014	28052
13276	28288
3664	18133
9297	24338
2907	17381
7878	22924
3012	17486
5269	20198
9333	24376
1783	16254
5377	20291
3077	17553
1185	15664
1836	16303
3445	17920
10919	29971
6085	21021
8718	23755
14664	29665
14002	29012
5820	20736
1993	16458
13991	29001
1730	16199
13147	22228
14055	29061
4362	18805
3459	17934
7494	22546
4533	18974
6400	21334
14257	29263
14376	29379
10885	25966
366	19674
609	15101
6331	21267
9954	25008
12732	22428
1339	15818
7981	23040
2754	17226
5342	20258
14697	29699
3740	18207
11861	26924
4396	18838
5499	20407
3241	17718
7828	22877
3689	18159
13854	28859
8353	23400
8534	23573
5399	20313
14167	29179
14258	29264
2437	16907
8040	23099
2393	16862
6949	21915
11083	26161
4061	18519
7901	22947
9988	25044
3210	17686
476	19684
10692	25762
1164	15645
957	15440
5895	20813
1474	15947
8790	23837
9000	24044
932	15413
6089	21023
12561	27632
10582	25645
13944	28956
14394	29397
7964	23005
9141	21249
3630	18105
11141	26216
6633	21592
2582	17050
6192	21127
6867	21832
13908	28916
1846	16312
13495	28504
4467	18907
2438	16908
8877	23928
119	19926
14585	29587
5261	20186
4270	20969
10402	25465
2515	16982
11421	26492
5302	20622
4319	18762
9662	24715
2368	16835
111	19971
4	15002
12789	27843
10300	25363
10753	25824
4190	18646
10937	26012
8381	23427
2095	16561
8776	23824
11854	26916
5813	20727
1114	15594
7115	22076
10789	25884
1413	15888
5372	20286
2468	16936
14085	29092
10706	25776
1283	15760
2117	16584
4732	19174
233	19811
4993	19439
6674	21632
14276	29281
13534	28546
4741	19183
8095	23155
9533	24578
6780	21741
14736	29735
8539	23578
5032	19476
8139	23200
7921	22966
12048	27112
6807	21770
13519	28531
8184	23246
12091	27171
7246	22245
2805	17282
10316	25381
6622	21581
7015	21982
120	19973
5181	20161
304	19873
8881	23933
12969	28009
6131	21063
8357	23404
12301	27383
1055	15497
1679	16153
12551	27622
6340	21278
10837	25911
10127	25174
14096	29108
4223	18680
5273	20201
361	20006
12174	27253
5503	20411
481	19791
6542	21487
3598	18069
4391	18833
14090	29098
5933	20850
6425	21360
8124	23184
1675	16149
12011	27075
8926	23974
7559	22608
10821	25895
7020	21987
11916	22226
6032	20952
7314	22308
6349	21286
12262	27343
7675	22727
1158	15640
1315	15794
3218	17694
10449	25511
5508	20416
12049	27113
2100	16566
10633	25694
4266	20972
1372	15850
4902	19351
14681	29681
2773	17245
6287	21219
5622	20532
1956	16421
7902	22948
2395	16864
14395	29398
11898	26959
12942	27982
14292	29295
7510	22562
4058	18518
9611	24659
4543	18985
12934	27974
2927	17401
2607	17076
8812	23866
309	20022
3194	17671
12090	27170
10463	25526
10023	25081
11485	26556
7632	22683
12956	27996
2997	17470
7394	22431
5317	20252
13949	15132
12145	27225
12028	27093
14249	29255
8387	23433
3687	18157
2845	17324
12293	27373
6552	21497
10970	15467
13394	28401
9890	24942
14930	29916
7240	22239
5606	20516
2094	16560
1940	16405
7977	23032
13185	22238
10266	25330
12206	27288
21	15020
10227	25282
595	19951
10744	25814
9760	24811
2398	16867
4697	19141
5700	20618
5862	20778
8376	23422
10529	25591
6327	21263
1848	16315
578	19955
4008	18469
6405	21339
10756	25827
8402	23449
9160	24201
6330	21266
2914	17389
10405	25468
1270	15747
2365	16832
12876	27922
14327	29331
2660	17137
7726	22776
8010	23067
4360	18803
12739	27795
11862	26925
12025	27089
11344	26412
1135	15613
10342	25407
3348	17825
3896	18357
3034	17509
9995	25052
4808	19255
8082	23142
12624	27691
5075	19521
6397	21331
14075	29082
12012	27076
11502	26572
11943	27003
1971	16435
5537	20445
13303	28313
7287	22283
3051	17526
12962	28002
3636	18108
13191	28217
13435	28443
2946	17419
10319	25384
14074	29081
5854	20770
2137	16605
976	15457
8492	23532
4314	18758
5985	20901
7432	22478
6244	21174
12179	27257
383	19705
12250	27331
6507	27857
13549	28561
1054	15496
6418	21353
12442	27522
12820	27871
13910	28918
3485	17958
2010	16476
415	20081
2776	17249
1889	16355
8908	23956
7089	22052
9447	24494
7572	22621
14769	29768
2562	17030
10416	25479
10356	25421
9972	25025
9854	24906
14728	29728
3105	17581
63	15061
10806	25883
8879	23931
10971	26045
8707	23744
5663	20575
12189	27271
5440	20351
3373	17849
1048	15508
11035	26113
3637	18109
9138	24181
12688	27748
11995	27053
9858	24910
11718	26783
1045	15505
7044	22011
12856	22349
7067	22030
10755	25826
13636	28647
2195	16661
7574	22623
15	15013
8002	23060
3356	17833
3138	17616
1510	19002
530	19793
10720	25790
12136	27216
6574	21519
8411	23458
1508	15985
3158	17636
7687	22737
2694	27375
11872	26935
5144	19588
14610	20189
12456	27535
12759	27814
8048	23104
7849	22897
13360	28367
1456	20245
9018	24063
14017	29027
11026	26104
6557	21502
5674	20593
10931	26006
13888	28892
6311	21248
9096	24141
14732	15952
14226	29232
12409	27488
9941	24992
1534	16009
11986	27045
2008	16474
2236	16702
11470	26541
913	15395
3344	17821
6126	21058
1787	16257
14616	29619
2827	17305
8447	23496
3161	17639
1978	16443
5140	19584
13990	29000
4116	15763
6273	21205
10580	25236
10439	25502
3244	17721
7170	22125
13126	28157
5617	20527
4012	18474
4843	19291
10184	25228
11068	26145
8491	23531
8405	23452
14700	29702
2278	16744
14028	29035
11579	26651
2007	16473
10260	25321
4102	18562
14190	29200
218	19937
8963	24006
10638	25700
13781	28788
2056	16523
1244	15727
10208	25264
6846	21810
12428	27507
2055	16522
11096	26174
12553	27624
5507	20415
9262	24305
13319	28328
7342	25474
1595	16730
14650	29650
5086	19532
5616	20526
11427	26498
6436	21371
14877	29868
8017	23636
8269	23840
3804	18273
2928	17402
12797	27850
13502	28512
10116	25163
7085	22048
6731	21688
4992	19438
3927	20589
14835	29828
8015	23072
8049	23105
8062	23119
1950	16415
11456	26527
1797	16267
683	15175
7489	22538
636	15127
3586	18057
11221	26288
5094	19539
10794	25871
8044	23100
14032	29039
8935	23981
11210	26277
4951	19397
11934	26994
5014	19459
7778	22828
13893	28897
6899	21865
4009	18470
3142	17620
4552	18993
6029	21274
7158	22114
4297	18740
12232	27312
8919	23967
10858	25936
12695	27755
7893	21738
8959	24002
6905	21873
14962	29949
7121	22082
7226	22196
6693	21653
5089	19535
11825	26888
13952	28963
281	19814
11230	26297
14072	29079
2442	16912
6128	21060
3571	18043
10712	25781
3198	17674
840	15327
10268	25333
13929	28937
14860	29852
260	20005
13312	28322
8874	23925
534	19754
13171	28197
10256	25317
3060	17535
9066	24112
1902	16368
823	15311
3622	18093
14571	29574
9013	24057
6894	21860
8896	23945
1915	16380
14013	29023
12765	27820
608	15100
7112	28906
4755	19197
3509	17980
9314	24356
3114	17590
11254	26324
4981	19427
10215	25271
6471	21408
10901	25981
5628	20538
4653	19097
12275	27356
13851	28856
8507	23547
5533	20441
699	22616
6283	21215
11105	26180
6620	21579
4278	18723
11014	26092
8631	23187
6935	17120
2272	16738
9902	24954
1056	15498
13213	28228
7355	22381
876	15360
1391	15868
5103	19549
8355	23402
10103	25150
13870	28875
501	19904
9328	24371
39	15036
1816	16286
1642	16118
3699	18168
2067	16534
9638	24691
3725	18193
2732	17207
4565	19008
1210	15688
2901	17376
10221	25277
10634	25695
13624	28636
5460	20368
5816	20731
11180	26249
6266	21195
10911	25991
9370	24415
6665	21624
11501	26571
9623	24676
14390	29394
13799	28802
2510	16977
9136	24179
12701	27760
12796	27849
5839	20755
4245	18701
10462	25525
5468	20376
10810	25885
12092	27172
11350	26418
2521	16988
13825	28828
12702	27761
6257	21187
168	19807
10509	25570
11599	26671
10848	25928
6313	21246
10187	25232
2527	16994
4749	19191
12619	27686
13922	28930
906	15387
8310	23352
7159	22115
2096	16562
6387	21323
8398	23445
1121	15601
519	19785
10068	25118
10508	25569
6896	21862
1917	16382
2303	16769
8968	24011
6052	20986
7295	22291
3341	17817
14233	29239
6055	20989
4211	18666
4871	19320
3681	18151
12728	27787
9708	24762
9748	24799
12132	27211
5625	20535
6881	21847
4778	19226
4766	19213
7436	22482
10977	26052
6441	21379
9614	24662
3573	18044
4173	18627
12936	27976
1086	15566
7431	22477
7174	22129
13016	28054
3400	17874
130	19766
10163	25205
1250	15732
8992	24034
2275	16741
10863	25942
4619	19061
4277	18722
14419	29422
4596	19036
10984	26063
8912	23960
5030	19474
3739	18206
8213	23261
13400	28407
8112	23171
6681	21640
3013	17487
12979	28019
5225	20143
9781	24831
7403	22450
12199	27279
7773	22823
883	25434
3243	17720
767	15255
6246	21176
8715	23770
1467	15942
2853	17332
3237	17714
9356	24400
3691	18161
14404	29407
13871	28876
11170	26240
6907	21875
14905	29895
9439	24483
5266	20192
5727	24473
4611	19052
11274	26343
14842	29835
6228	21159
1469	17108
14272	29278
6519	21463
1580	16055
6101	21041
9127	24171
14742	29740
635	15126
5562	20470
3879	18343
3515	17986
4016	18479
4904	19353
8301	23345
4127	18587
2812	17290
10493	25556
11973	27033
10158	25204
2445	16914
3258	17726
6355	21292
14387	29391
7680	22732
10764	25839
13715	28724
12825	27876
4393	18835
11874	26937
3506	18374
8765	23813
7911	22956
5531	20439
14176	24532
5667	20579
6961	21927
7716	22765
7794	22844
7946	22990
2119	16586
6922	21890
6748	21708
1408	15885
7	15005
5649	20559
12714	27773
10568	25630
3016	17491
6444	21378
1104	15584
13336	28344
6261	21191
14420	29423
3388	17863
5196	20114
8149	23210
5335	20244
3127	17602
2136	16603
11172	26242
7298	22294
6767	21728
1156	15636
739	15228
1047	15507
9164	24205
9939	24990
1435	15911
4498	18939
1613	16090
13779	28786
7260	22259
10034	23115
4349	18792
716	15205
9035	24081
570	15090
305	19943
14022	29030
11012	26090
12124	27203
14193	29203
808	15295
3583	18054
7653	22705
4279	18724
7767	22817
6375	21312
11021	26099
1850	16317
13452	28463
9819	24870
6295	21227
7857	22904
2027	16495
5039	19484
2052	16519
10147	25193
8279	23322
9117	24162
9900	24952
6325	21261
7092	22056
9633	24686
8373	23419
1629	16105
7274	22271
9960	25014
3208	17684
4502	23764
3387	17862
2799	17276
1673	16148
6	15004
8374	23420
10997	26076
10539	25601
843	15331
3550	18023
777	15265
3962	18424
11687	25718
9479	24525
3880	18344
5334	20570
1700	16173
9237	24279
3859	18324
11236	26303
2469	16937
8677	23715
4691	19134
14369	29372
8946	17991
2905	17386
12215	27296
6296	21229
8552	23589
3419	17982
1716	16187
8716	23752
11865	26928
11488	26559
14919	29910
3877	18340
9023	24068
3653	18127
9216	24258
7078	22041
10813	25888
14424	29427
7473	22522
1009	15476
8931	29212
12118	27197
3326	17805
5121	19566
8194	23256
6476	21413
14141	29149
3634	24497
7163	24901
12089	27169
1903	16369
6095	21034
2103	16569
9736	24788
12059	27123
2572	17040
9946	24997
9937	24988
2235	16701
5826	20743
6685	21644
14671	29673
741	15230
12821	27872
5398	20312
8504	23544
4632	19076
11919	26979
8804	23857
13741	28748
11020	26098
1982	16447
3497	17970
5861	20777
1715	16186
2456	16925
10630	25691
6043	20963
342	19818
9325	24368
4295	18739
6802	21765
448	20062
12434	27513
14752	29751
5490	20398
10980	26055
11291	26360
14388	29392
14564	29566
6624	21583
12251	27332
5592	20500
4077	21074
12524	27599
1949	16414
2019	16486
10589	25652
4686	19129
8389	23435
4835	19283
11557	26629
2683	17160
8875	23926
5251	20169
13875	28880
8475	23520
7388	22414
10081	25131
1037	15500
13236	28251
2301	16767
7939	22984
602	15093
1823	16441
12156	27236
949	15431
8075	23135
10671	25741
1965	16430
10505	25568
4305	20566
12861	27908
11326	26394
5386	20300
4046	18505
9254	24297
7421	22468
11197	26266
4889	19339
2939	17413
14951	29938
11852	26914
1570	16045
12126	27205
1611	16088
1999	16464
9568	24615
14607	29609
2757	17229
25	15024
5575	20483
7678	22730
14323	29327
2163	23299
8865	23916
9573	24620
12424	27503
5237	20155
4255	18711
10520	25582
904	18644
6852	21816
3347	17824
6918	21886
4640	22346
1117	15597
14790	20935
1396	15873
7641	22694
4818	19265
3754	18222
14548	29550
8045	23101
12834	27885
8122	23182
11135	26202
9855	24907
4837	19285
5161	19603
118	19763
6672	21633
6521	21465
11041	26119
1095	15575
8415	23463
12699	22186
14580	29582
1286	15764
11323	26391
4746	19188
2314	16780
4475	18915
6083	21017
12816	27867
2489	16956
5100	19546
4801	19248
12519	27594
12165	25719
14161	29174
6744	21702
7663	22715
9425	24468
4247	18703
7364	22392
4824	19271
13565	28577
12385	27467
13296	28308
6364	21301
1223	15699
3585	18056
13112	28144
9118	24163
5501	20409
12639	27705
9298	24339
14270	29276
11106	26181
9476	24522
644	15136
8799	23852
11147	26218
12781	27835
10099	25145
12585	27651
1749	16219
9629	24682
14605	29608
2712	17188
11018	26096
1492	15968
13281	28293
7522	22573
4178	18632
3893	18356
13895	28899
6915	21883
5457	20365
13241	28256
14519	29520
3554	18027
7452	22507
9991	25047
14753	29752
1680	16154
8055	23113
2924	17398
221	15070
6159	18560
13489	28498
12488	22182
7830	22878
10107	25155
14934	29957
11526	26596
7864	22911
3045	17520
13329	28338
4284	18729
14826	29820
1745	16215
11538	26608
13628	28640
7842	22890
8150	23211
14054	29060
4612	19053
10663	25734
3447	17922
6576	21521
10948	26023
5077	19523
2526	16993
1766	16237
1706	16179
10496	25559
1847	16314
7580	22630
7011	21978
4558	18999
13227	28242
196	19886
2721	17196
12668	27732
12894	17355
2507	16974
4300	18744
3025	17500
477	20074
9275	24317
12992	28032
13559	28572
1912	16377
8831	23884
2144	16612
9805	24855
11343	26411
11646	26718
14696	29698
14737	29736
14241	29247
4944	19389
1189	15667
5689	20608
6979	21946
14023	29031
12387	27469
148	19987
8409	23456
14368	29371
10560	25622
6749	21709
4980	19426
8070	23130
621	15113
12375	27455
13446	28454
8550	23587
2536	17003
7191	22145
9683	24735
298	19942
5740	20657
11463	26534
14980	29973
5275	21459
400	19945
12676	19202
9122	24166
6070	21004
86	19798
7991	23049
6415	21350
11089	26167
6773	21755
11605	26677
4678	19121
11464	26535
13655	28666
13104	28137
6564	21509
8143	23204
11860	26923
3867	18331
12359	27440
13684	28693
10627	25688
9906	24958
5923	20840
8028	23084
5478	20386
11580	26652
2791	17260
9667	24719
5355	20271
3089	17565
7515	22567
14037	29044
5109	19554
5310	20591
11987	27046
14670	29672
6583	21529
4217	18672
13078	28112
10149	25195
8598	23638
4310	18753
1874	16338
924	15406
7676	22728
12671	27735
1235	15717
6612	21384
3211	17687
691	15181
4329	18772
11615	26687
2837	17315
13896	28900
2866	17345
9577	24625
7749	22799
8797	23858
11691	26757
2727	17201
10400	25463
9664	24717
6708	21667
3390	17865
14377	29380
13833	28836
11506	26576
10417	25480
5337	20249
6363	21300
1719	16190
14925	21238
12104	27184
4538	18980
1756	16227
13691	28700
13651	28662
3899	18360
7512	22564
2108	16574
101	19925
11162	26232
8482	23769
4734	19176
13456	28466
13843	28846
9956	25010
6393	21327
9268	24311
5357	20273
11606	26678
7968	23009
6315	21251
11412	26483
4364	18806
12342	27425
2934	17407
13260	28274
9461	24508
10192	25239
7053	22021
14749	29747
12307	27389
1695	16168
13730	22173
4287	18732
5685	20604
2229	16694
6326	21262
2410	16879
2825	17303
8094	23154
4351	18794
8380	23426
13641	28652
9148	24189
6310	20182
12543	27615
8263	23309
10075	25125
3521	17994
10432	25495
4037	18497
10649	25721
11672	26741
3035	17510
92	19759
13389	28395
9588	24636
7987	23045
12792	27845
5384	20298
9668	24720
10713	25782
5244	20162
9300	24343
4953	19399
7927	22972
6962	21928
6158	21093
4355	18798
2282	16748
9422	24465
1331	15810
13168	28194
4325	18768
14733	29732
844	15332
2509	16976
5494	20402
4115	18576
2591	17060
11129	26422
12885	27930
6016	20932
9510	24555
2088	16554
251	19730
12433	27512
7143	22101
4689	19132
3332	17809
8581	23619
8621	23661
785	15272
7259	24761
9942	24993
5986	20902
9167	24208
14695	29697
5917	20835
1658	16133
3275	17752
11091	26169
9758	24809
899	15380
3519	17992
5856	20772
7636	22687
8681	23719
8821	23874
9247	24289
1243	15726
2059	16526
4683	19126
724	15212
9572	24619
4239	18695
11731	26796
1727	16197
5722	20641
306	19643
11688	22231
5455	20363
1647	16122
6887	21853
10108	25154
8917	23965
10478	25541
3555	18028
6779	21740
11333	26401
6403	21337
8299	22930
11010	26088
11457	26528
14448	29449
967	15450
4905	19354
7227	22197
12487	27565
11098	26176
45	15043
126	19765
11173	26243
9341	24384
8456	23503
7209	22163
9159	24200
14711	29713
10716	25785
11790	26849
11136	26203
5668	20581
1688	16161
11918	26978
13670	28679
4574	19017
2992	17465
11729	26794
14937	29924
9543	24587
9301	24344
2829	17307
2134	16601
4580	19023
2002	16467
11127	26206
12062	27127
4050	18509
852	20194
1374	15852
14361	29364
9050	24097
5983	20899
3254	17731
11389	26462
7497	22549
4447	18888
2958	17431
12150	27230
8305	23348
3111	17587
5715	20634
6537	21482
7353	22916
4071	18529
5166	19608
13139	28169
13343	28351
12927	27967
14767	29767
6229	21161
1294	15774
10544	25606
593	19918
13838	28841
1006	15472
7218	22187
6502	21440
14578	29580
2614	17083
4512	18953
573	19788
13909	28917
5011	19454
3835	18302
650	15142
1021	15487
1324	15803
2797	17273
2888	17364
6179	21114
13572	28584
14513	29514
14933	29921
4929	19376
11126	26205
7601	22654
8648	23686
12134	27214
8170	23243
1964	16429
1110	15590
5024	19468
13474	28484
1119	15599
12578	22419
14841	29834
1607	16085
2336	16802
12380	27461
6636	21595
12749	27805
12318	27403
1713	16184
8311	23360
2141	16609
2491	16958
5975	20891
3019	17494
5101	19547
3923	18384
6384	21321
6293	21225
8443	23490
6752	21712
11997	27062
11847	26909
11766	23083
8809	23864
11950	27010
11980	27039
13333	28341
10006	25063
9150	24191
3956	18418
7035	22003
810	15297
6473	21410
10119	25166
1794	16264
12547	27618
747	15236
1477	15950
12997	28037
6472	21409
12596	27662
9816	24867
10850	25929
8777	23825
12139	27219
3546	18019
4164	18618
6182	21117
10382	25448
1584	27142
771	15259
3811	18279
2713	17187
13461	28471
1513	15988
14907	29898
643	15135
13631	28643
14875	29866
754	15243
1446	15923
12055	27119
12569	27638
1821	16290
11061	26139
9671	24723
14336	29340
9947	24998
2230	16695
7708	22757
10749	25820
5152	25712
105	19761
5486	20394
11374	26447
7282	22279
9029	24075
13290	28302
5502	20410
12005	27070
4134	18593
4680	19123
14603	29606
13178	28205
2257	16724
9371	24416
12193	27282
9062	24109
11632	26704
1853	16320
496	19895
14678	22229
5608	20518
9326	24369
11167	26237
7760	22809
13903	28911
10042	25092
6370	21307
190	20085
2413	16884
6324	21260
8218	23266
10748	25819
6134	21066
11000	26079
11695	26760
6350	21287
4001	18463
11062	26140
4170	18624
3101	17577
7265	22262
1296	15773
5598	20506
3042	17517
8518	23558
14872	29863
13981	28989
9763	24813
14352	29355
8382	23428
13476	28485
465	19910
751	15240
6386	21522
5785	20700
13361	28368
3762	18231
9200	25215
14784	29782
5240	20158
4468	18908
1934	16399
5368	19185
2910	17384
11249	26319
13668	28677
9252	24294
13206	28223
13588	28600
3412	17888
14721	29721
12508	27585
11044	26122
1426	15902
12823	27874
4155	29979
14415	29418
1904	16370
8950	23994
10664	25733
12129	27208
12341	27424
9166	24207
9652	24705
5885	20803
7634	22685
4085	18543
5781	20696
4377	18820
12587	22338
2929	18100
11292	26361
3185	17662
13681	28690
11764	26828
5583	20491
4444	18886
13093	28126
7863	22910
10414	25477
14083	29090
13458	28468
12492	27569
11400	26473
1615	16092
12372	27452
5216	20132
11496	26565
4356	18799
9815	24866
1377	15855
1691	16164
1230	15706
540	19849
3073	17549
14974	29964
3288	17765
14242	29248
6705	21664
1582	16057
209	20087
12097	27177
6641	21600
5965	20881
2434	16904
2923	27661
3196	17673
5836	20752
6913	21880
2674	17152
13291	28303
1262	15740
2740	17214
10666	25736
5407	20321
12611	27678
1399	15876
12620	27687
2571	17039
6607	21568
149	19770
11584	26656
9869	24921
5000	19445
4188	18643
4943	19388
14829	29823
14847	29885
43	15041
9661	24714
12057	27121
13261	28275
13439	28447
9407	24450
14213	29107
3354	17831
8468	15367
12010	27074
10043	25093
12576	27645
14397	29400
5762	20678
13215	28230
4788	19236
6658	21617
13680	28689
12808	27859
1759	16230
2983	17453
10236	25291
8486	23529
5219	20135
9684	24736
8636	23674
6605	21566
14057	29063
10956	26031
4518	18959
5108	19553
7165	22120
5526	20432
3293	17770
872	15356
11244	26314
799	15286
10796	25873
85	19651
4731	19173
6646	21605
8613	23653
6861	21825
8212	23260
5190	20108
14987	29982
8771	23819
155	20098
426	15078
2090	16556
6897	21863
10219	25275
12202	27284
2667	17144
9986	25042
3541	18014
4342	18785
7523	22574
8857	23907
11571	26643
1852	16319
5463	20371
7070	22033
5994	20910
10328	25392
985	15468
13244	28259
731	15218
1858	16325
14677	29679
10805	25882
4756	19203
13499	28509
11289	26358
13625	28637
7979	23034
8734	23782
13305	28315
6341	21279
2001	16466
2292	16758
9909	24961
1790	16260
11040	26118
1040	15502
14880	28873
8399	23446
1752	16222
2964	17435
1857	16324
8131	23191
10011	25069
617	15109
7969	23010
13208	22356
1112	15592
893	15376
12162	27242
8377	23423
82	19981
2016	16483
13251	28266
10195	25243
12245	27325
10735	25805
12745	27801
8624	23664
14703	29705
6876	21842
4897	19347
11223	26290
10097	25143
8495	23535
11121	26198
1746	16216
12290	27370
12330	27415
12977	28017
9770	24820
539	27162
3703	18172
12685	27745
8493	23533
14538	29539
9490	24536
9675	24727
187	19990
12550	27621
6853	21817
3568	18040
2149	16616
11774	26835
3996	18458
12443	27523
9742	24794
4031	20196
1748	16218
11093	26170
1254	15712
7962	23124
4161	18615
3410	17885
13242	28257
6291	21223
6067	21001
9344	24388
147	20096
11677	26746
1778	16248
14286	29291
14373	29376
6248	21179
2668	17145
5529	20437
9728	24780
11921	26981
8583	23622
603	15094
5064	19510
8720	23768
6018	20934
11345	26413
3480	17953
12604	27671
10532	25594
12510	27586
5074	19520
9151	24192
8309	23351
1910	16375
8814	23867
1930	16395
3945	18407
2112	16579
1604	16081
9541	24585
12317	27402
8006	23064
4150	23229
7568	22610
1147	15629
6435	21370
9768	24818
7707	22756
8307	23350
10132	25179
2356	16822
4959	19405
6771	21732
2422	16892
185	19809
7261	23621
1707	18102
13804	28807
14902	29893
14051	29057
11877	26940
74	19920
1793	16263
907	15389
11185	26254
9640	24693
3700	18169
6054	20988
1142	15624
6286	21218
7561	29167
14393	29396
13510	28522
3559	18032
3054	17529
10471	25534
3705	18174
8772	23820
549	19898
12152	27231
3005	17479
11823	26886
8394	23440
8696	23734
12678	27741
6823	21787
10887	25965
853	23759
4298	18743
2603	17072
13704	28713
446	19709
11683	26750
51	15049
13022	19200
2774	17247
7549	22598
8845	23897
5642	20551
13581	28593
13923	28931
784	15271
11065	26143
9475	29990
10326	21553
3728	18196
7784	22834
13914	28922
4924	19370
8741	23789
5466	20374
10389	25454
11673	26742
3984	18446
12058	27122
8951	23995
2169	16635
12600	27666
8128	23188
14123	29132
13812	28815
14421	29424
10731	25801
13426	28433
3370	17846
11142	26217
13264	28278
13699	28708
9397	24440
7648	22700
2594	17063
4658	19102
2080	16547
5318	23929
8872	23923
847	15335
11889	26950
3544	18017
13182	28209
9162	24203
2657	17134
11224	26291
6196	21131
13566	28578
4000	18462
4898	19348
10740	25810
2345	16810
3547	18020
12609	27676
3126	17601
2736	17211
11573	26645
6755	21715
3107	17583
4867	19316
13449	28457
4482	18922
11590	26662
11794	26855
4208	18663
11988	15860
14046	29052
2892	17367
4036	18498
7835	22883
14101	29113
13131	28162
5354	20270
9723	21188
12634	27700
9660	24713
4539	18981
7730	22781
9399	24442
5373	20287
3417	17894
6847	21811
8546	22936
576	19917
13274	28286
9179	24221
1833	16300
9990	25046
5284	20208
8989	24031
8568	23606
3009	17483
12386	27468
396	19677
13167	28193
9145	24186
507	19742
4246	18702
422	19962
11611	26683
11111	26186
425	15077
12274	27355
2616	17085
7719	22768
7039	22006
647	15139
12859	27906
12573	27642
4201	18656
2612	17081
849	15337
14524	29525
2208	16674
11739	26804
512	20040
4939	19384
2152	16619
5151	23356
10143	25190
8928	23976
9014	24058
6036	20956
10152	25198
10975	26050
4027	18489
6656	21615
183	19934
11550	26620
6869	21834
7422	22469
2620	17089
4401	18843
3688	18158
4491	18931
3402	17876
5328	21236
13882	28886
14757	29756
12517	27592
4430	18872
2248	16715
14466	29467
5171	19613
9365	24410
6366	21303
2036	16504
9469	24516
2487	16954
592	20080
13649	28660
2552	17019
553	19906
10798	25875
780	15268
9832	24883
9762	22013
8172	23232
10085	19055
3345	17822
7895	22942
3407	17882
7533	22584
11697	26762
5068	19514
10877	25955
4493	18934
13122	28153
11076	26154
6028	20949
14303	29307
10198	25255
740	15229
9826	24877
12353	27435
6430	21365
2878	17356
9944	24995
10536	25598
5162	19604
12031	27095
13440	28448
5360	20275
