13691	28691
2556	17556
14095	29095
3953	18953
6361	21361
2263	17263
4179	19179
5854	20854
11783	26783
1266	16266
10750	25750
2547	17547
14385	29385
9673	24673
3012	18012
7971	22971
10185	25185
6574	21574
2076	17076
7498	22498
12099	27099
3841	18841
8576	23576
13386	28386
4836	19836
2897	17897
4363	19363
9700	24700
1926	16926
9264	24264
9983	24983
9180	24180
8468	23468
10743	25743
3386	18386
6780	21780
14460	29460
2230	17230
9540	24540
7381	22381
937	15937
8441	23441
14066	29066
318	15318
10903	25903
6828	21828
6470	21470
12228	27228
1307	16307
9801	24801
9891	24891
9290	24290
12835	27835
3741	18741
2080	17080
5509	20509
10942	25942
158	15158
14334	29334
7917	22917
12746	27746
2273	17273
2038	17038
13520	28520
8166	23166
14616	29616
13603	28603
11594	26594
10460	25460
9845	24845
12486	27486
10751	25751
6467	21467
7886	22886
7466	22466
12844	27844
9358	24358
14514	29514
8350	23350
7174	22174
5739	20739
11469	26469
7939	22939
3608	18608
6764	21764
4756	19756
13205	28205
5073	20073
2346	17346
11655	26655
9131	24131
831	15831
2561	17561
4958	19958
12723	27723
4710	19710
10316	25316
6657	21657
3525	18525
3235	18235
7099	22099
9417	24417
10393	25393
9335	24335
12078	27078
2091	17091
12417	27417
14103	29103
6611	21611
4230	19230
12422	27422
5126	20126
1551	16551
2456	17456
11404	26404
9278	24278
3362	18362
1180	16180
2922	17922
1111	16111
13707	28707
803	15803
9331	24331
13321	28321
14758	29758
9151	24151
12184	27184
13431	28431
3981	18981
6885	21885
8385	23385
11701	26701
10470	25470
6495	21495
6776	21776
5069	20069
5626	20626
13808	28808
7278	22278
11515	26515
4841	19841
3073	18073
5483	20483
1706	16706
9251	24251
14223	29223
6240	21240
2400	17400
3458	18458
1118	16118
6953	21953
4629	19629
12989	27989
812	15812
11620	26620
759	15759
10103	25103
7119	22119
9130	24130
4175	19175
2268	17268
436	15436
8309	23309
1960	16960
7280	22280
13267	28267
10174	25174
12764	27764
1381	16381
13376	28376
5010	20010
1241	16241
12748	27748
9324	24324
114	15114
14934	29934
1136	16136
5934	20934
9084	24084
9677	24677
5530	20530
5845	20845
7937	22937
12114	27114
3915	18915
10296	25296
7078	22078
14406	29406
12076	27076
14816	29816
7715	22715
3237	18237
2898	17898
8262	23262
1421	16421
10301	25301
4607	19607
5580	20580
8384	23384
131	15131
8672	23672
5236	20236
14167	29167
172	15172
3025	18025
6292	21292
10481	25481
11463	26463
5620	20620
8321	23321
11815	26815
11916	26916
4105	19105
8656	23656
12889	27889
11040	26040
7052	22052
10236	25236
7591	22591
2028	17028
13661	28661
1899	16899
4551	19551
5661	20661
12546	27546
6424	21424
4083	19083
6226	21226
7096	22096
10180	25180
2216	17216
13370	28370
9902	24902
4867	19867
2620	17620
9853	24853
3617	18617
4518	19518
13404	28404
6977	21977
10541	25541
9595	24595
678	15678
13319	28319
14869	29869
12994	27994
6842	21842
14069	29069
6552	21552
14884	29884
10326	25326
10688	25688
4245	19245
6598	21598
553	15553
14313	29313
7578	22578
3489	18489
5337	20337
7077	22077
12659	27659
13634	28634
4435	19435
12733	27733
11876	26876
10551	25551
6324	21324
7300	22300
7284	22284
9782	24782
2276	17276
13355	28355
3681	18681
6279	21279
4717	19717
12004	27004
12224	27224
13823	28823
4128	19128
3321	18321
8616	23616
10489	25489
13240	28240
1756	16756
4212	19212
1333	16333
12277	27277
13909	28909
14298	29298
4830	19830
4918	19918
14996	29996
193	15193
13758	28758
4371	19371
9962	24962
11719	26719
4195	19195
12576	27576
14594	29594
1697	16697
520	15520
6731	21731
8505	23505
12826	27826
292	15292
1694	16694
4864	19864
5322	20322
13747	28747
3024	18024
2518	17518
1355	16355
7984	22984
12356	27356
1913	16913
5000	20000
1684	16684
14886	29886
5768	20768
4272	19272
13226	28226
12988	27988
2515	17515
9450	24450
6110	21110
14416	29416
14267	29267
14904	29904
7919	22919
9518	24518
1213	16213
12447	27447
6803	21803
8178	23178
12426	27426
10357	25357
10225	25225
1750	16750
5170	20170
1527	16527
11153	26153
10847	25847
723	15723
3372	18372
10732	25732
3569	18569
1311	16311
2310	17310
14072	29072
11604	26604
9570	24570
9015	24015
8466	23466
3225	18225
7134	22134
7985	22985
12816	27816
1114	16114
13249	28249
4084	19084
3595	18595
2148	17148
2505	17505
1252	16252
6969	21969
9986	24986
9289	24289
6037	21037
2457	17457
5966	20966
14260	29260
8002	23002
9831	24831
10503	25503
7723	22723
5560	20560
2425	17425
14062	29062
11150	26150
808	15808
7699	22699
9405	24405
14129	29129
8884	23884
7475	22475
4567	19567
118	15118
6993	21993
8526	23526
8462	23462
507	15507
1685	16685
6814	21814
2024	17024
11788	26788
1936	16936
6908	21908
12919	27919
11052	26052
1440	16440
1146	16146
10699	25699
6472	21472
5528	20528
12590	27590
13448	28448
1799	16799
12077	27077
13425	28425
665	15665
9379	24379
12693	27693
14459	29459
611	15611
2903	17903
229	15229
3255	18255
8691	23691
14087	29087
6992	21992
12092	27092
826	15826
2364	17364
6285	21285
983	15983
12888	27888
11282	26282
6218	21218
6596	21596
12214	27214
1941	16941
6320	21320
10564	25564
3860	18860
11190	26190
9365	24365
8530	23530
12712	27712
9501	24501
12742	27742
6355	21355
12601	27601
12848	27848
13775	28775
7532	22532
10964	25964
12831	27831
10191	25191
14778	29778
11619	26619
12460	27460
10265	25265
12800	27800
6049	21049
8252	23252
14756	29756
9881	24881
11802	26802
6196	21196
6695	21695
12384	27384
10389	25389
5257	20257
4932	19932
8299	23299
10660	25660
2872	17872
14234	29234
5746	20746
11482	26482
12371	27371
13978	28978
1405	16405
7074	22074
10572	25572
12381	27381
13960	28960
9109	24109
9065	24065
821	15821
14769	29769
10657	25657
2595	17595
3514	18514
3709	18709
2896	17896
4634	19634
499	15499
7373	22373
8452	23452
14774	29774
6528	21528
10674	25674
9182	24182
3095	18095
1224	16224
4386	19386
8745	23745
1826	16826
8738	23738
5455	20455
2347	17347
2498	17498
10649	25649
2164	17164
14486	29486
1632	16632
8356	23356
9516	24516
8331	23331
1225	16225
9103	24103
6614	21614
3061	18061
3498	18498
10746	25746
1436	16436
3788	18788
8247	23247
13170	28170
9631	24631
4431	19431
4367	19367
14287	29287
4154	19154
6832	21832
3914	18914
13509	28509
3575	18575
7609	22609
4735	19735
101	15101
8986	23986
8992	23992
9514	24514
13147	28147
10008	25008
6356	21356
13524	28524
5375	20375
648	15648
14100	29100
6477	21477
7778	22778
3367	18367
579	15579
12587	27587
10959	25959
5649	20649
7876	22876
2951	17951
14426	29426
3366	18366
4565	19565
12042	27042
9172	24172
5237	20237
5302	20302
656	15656
11384	26384
14854	29854
11609	26609
1167	16167
8534	23534
7047	22047
10624	25624
981	15981
9909	24909
4429	19429
10760	25760
13682	28682
9384	24384
10055	25055
9099	24099
14525	29525
6442	21442
10640	25640
11338	26338
6652	21652
1179	16179
13156	28156
2929	17929
3113	18113
6317	21317
7211	22211
11510	26510
14823	29823
14484	29484
418	15418
7101	22101
13774	28774
5216	20216
11087	26087
1590	16590
1235	16235
9870	24870
919	15919
14532	29532
13998	28998
13455	28455
8633	23633
11089	26089
8186	23186
9616	24616
9000	24000
7069	22069
12388	27388
12132	27132
6999	21999
13252	28252
1692	16692
10392	25392
6274	21274
14130	29130
882	15882
6268	21268
6027	21027
14569	29569
3834	18834
9323	24323
4983	19983
13639	28639
597	15597
14225	29225
916	15916
3688	18688
9346	24346
12827	27827
2821	17821
4675	19675
10375	25375
12029	27029
9823	24823
12987	27987
9140	24140
9367	24367
10693	25693
9872	24872
11187	26187
1359	16359
11990	26990
14039	29039
1476	16476
177	15177
3356	18356
11748	26748
4571	19571
2077	17077
6752	21752
12895	27895
5450	20450
10127	25127
9922	24922
12336	27336
5095	20095
5690	20690
10304	25304
5973	20973
5234	20234
10764	25764
9554	24554
13053	28053
6805	21805
2938	17938
10019	25019
972	15972
10206	25206
8386	23386
14940	29940
5516	20516
5715	20715
123	15123
1217	16217
4654	19654
397	15397
1006	16006
13219	28219
7804	22804
4323	19323
11975	26975
1758	16758
9429	24429
9931	24931
1445	16445
12069	27069
11627	26627
5052	20052
3557	18557
12492	27492
4152	19152
1371	16371
1197	16197
2210	17210
4789	19789
8782	23782
4296	19296
7296	22296
3075	18075
8676	23676
6408	21408
4588	19588
9235	24235
3543	18543
12550	27550
6486	21486
1838	16838
6493	21493
10985	25985
370	15370
9607	24607
4947	19947
6312	21312
14625	29625
10758	25758
7564	22564
8755	23755
7424	22424
8128	23128
13378	28378
11321	26321
7451	22451
4852	19852
7994	22994
6158	21158
13330	28330
4725	19725
7290	22290
10543	25543
10897	25897
14617	29617
10875	25875
14053	29053
13144	28144
8216	23216
10605	25605
1380	16380
14918	29918
7783	22783
11427	26427
6153	21153
13872	28872
9374	24374
14697	29697
3332	18332
5303	20303
10891	25891
5176	20176
1183	16183
6133	21133
7637	22637
8147	23147
11999	26999
10374	25374
9656	24656
12714	27714
14720	29720
7199	22199
10656	25656
1763	16763
8698	23698
4305	19305
2163	17163
13241	28241
11379	26379
9176	24176
12127	27127
354	15354
4548	19548
7826	22826
8590	23590
4054	19054
8966	23966
3243	18243
4468	19468
1702	16702
2323	17323
1579	16579
8583	23583
13422	28422
13161	28161
145	15145
13915	28915
2088	17088
6937	21937
12559	27559
5936	20936
3908	18908
2299	17299
5041	20041
8342	23342
5068	20068
14568	29568
14702	29702
297	15297
12509	27509
2517	17517
1730	16730
622	15622
6909	21909
13323	28323
1736	16736
6727	21727
13000	28000
14814	29814
5190	20190
11233	26233
5274	20274
434	15434
1516	16516
10533	25533
5842	20842
12836	27836
12276	27276
396	15396
7172	22172
8303	23303
14596	29596
12199	27199
2529	17529
837	15837
8290	23290
11768	26768
10580	25580
2949	17949
12109	27109
613	15613
7335	22335
11980	26980
8886	23886
11650	26650
12883	27883
7965	22965
5796	20796
6004	21004
3851	18851
3259	18259
14310	29310
12288	27288
11452	26452
794	15794
9877	24877
902	15902
4158	19158
8674	23674
10419	25419
14830	29830
12518	27518
4674	19674
3381	18381
6669	21669
10412	25412
2196	17196
5016	20016
3304	18304
9467	24467
2693	17693
1302	16302
11578	26578
6377	21377
2654	17654
4349	19349
12289	27289
7574	22574
11389	26389
7019	22019
13910	28910
8552	23552
11646	26646
11766	26766
5285	20285
5271	20271
3984	18984
12755	27755
11166	26166
1414	16414
8853	23853
2768	17768
9048	24048
10063	25063
1695	16695
2325	17325
5164	20164
12487	27487
5033	20033
14204	29204
3287	18287
119	15119
8255	23255
14631	29631
12031	27031
4718	19718
5323	20323
4465	19465
326	15326
6560	21560
9033	24033
10359	25359
4440	19440
5253	20253
2067	17067
1943	16943
8013	23013
3001	18001
14787	29787
13035	28035
5775	20775
11488	26488
9520	24520
3290	18290
12218	27218
6108	21108
5133	20133
12022	27022
1138	16138
137	15137
2439	17439
1725	16725
5729	20729
4222	19222
14807	29807
4974	19974
6758	21758
4795	19795
9302	24302
14000	29000
12098	27098
2277	17277
3724	18724
12788	27788
14591	29591
10286	25286
3735	18735
13741	28741
10267	25267
7369	22369
14622	29622
9791	24791
7148	22148
7979	22979
6986	21986
11238	26238
2779	17779
13180	28180
11742	26742
3587	18587
12962	27962
4688	19688
2772	17772
3045	18045
5442	20442
1124	16124
1982	16982
4624	19624
3485	18485
5605	20605
13313	28313
6126	21126
3904	18904
12420	27420
6677	21677
11119	26119
6026	21026
8041	23041
10011	25011
5005	20005
5989	20989
9624	24624
12361	27361
4423	19423
14751	29751
12622	27622
3994	18994
1163	16163
1930	16930
8122	23122
5264	20264
1140	16140
12853	27853
6129	21129
3373	18373
8352	23352
7645	22645
13767	28767
10017	25017
10146	25146
10205	25205
4374	19374
6539	21539
7801	22801
14217	29217
1050	16050
13356	28356
14332	29332
9702	24702
9017	24017
4406	19406
10907	25907
1919	16919
12408	27408
10621	25621
9408	24408
2850	17850
2631	17631
13152	28152
9462	24462
12702	27702
14811	29811
1486	16486
14722	29722
11728	26728
999	15999
3501	18501
5259	20259
6856	21856
9342	24342
3870	18870
7310	22310
10335	25335
10561	25561
14637	29637
435	15435
14968	29968
11895	26895
4205	19205
11100	26100
2120	17120
11807	26807
5214	20214
6513	21513
6625	21625
9874	24874
7159	22159
4085	19085
14282	29282
12911	27911
7287	22287
10230	25230
10792	25792
5993	20993
13739	28739
4600	19600
12030	27030
1816	16816
3007	18007
4523	19523
9567	24567
12531	27531
13212	28212
10259	25259
5544	20544
2900	17900
2260	17260
5871	20871
5420	20420
3436	18436
448	15448
2957	17957
5962	20962
3508	18508
4403	19403
5119	20119
14158	29158
8065	23065
4014	19014
9697	24697
9878	24878
13345	28345
14922	29922
14139	29139
5287	20287
7782	22782
6184	21184
13645	28645
13997	28997
11637	26637
7819	22819
8777	23777
9500	24500
5262	20262
7082	22082
1732	16732
2825	17825
5578	20578
11297	26297
13334	28334
13518	28518
12773	27773
3052	18052
1522	16522
10151	25151
184	15184
5753	20753
8305	23305
9376	24376
3650	18650
11464	26464
243	15243
7579	22579
7407	22407
8095	23095
5549	20549
8415	23415
7362	22362
2895	17895
9910	24910
6646	21646
8382	23382
2096	17096
5267	20267
2552	17552
14969	29969
11540	26540
8319	23319
6142	21142
13454	28454
8107	23107
11169	26169
469	15469
10139	25139
13548	28548
8830	23830
1363	16363
14230	29230
13974	28974
2759	17759
3633	18633
4164	19164
5165	20165
9714	24714
7083	22083
737	15737
6413	21413
10256	25256
6374	21374
2743	17743
13055	28055
8144	23144
9096	24096
5017	20017
6666	21666
2770	17770
14829	29829
3997	18997
12572	27572
3948	18948
571	15571
2966	17966
13085	28085
5557	20557
5612	20612
7357	22357
1104	16104
12281	27281
14455	29455
14507	29507
4759	19759
1305	16305
11110	26110
846	15846
4491	19491
13477	28477
3036	18036
6216	21216
6243	21243
5430	20430
13057	28057
78	15078
2985	17985
2394	17394
13159	28159
14160	29160
14250	29250
3714	18714
207	15207
4144	19144
5061	20061
8973	23973
3995	18995
873	15873
8611	23611
7232	22232
4509	19509
2449	17449
1176	16176
4221	19221
5403	20403
7973	22973
7016	22016
1164	16164
11568	26568
10641	25641
8425	23425
2371	17371
4813	19813
2193	17193
5487	20487
12871	27871
12730	27730
242	15242
9730	24730
8673	23673
5066	20066
8283	23283
6525	21525
6385	21385
10733	25733
3053	18053
5067	20067
1876	16876
4177	19177
4133	19133
2225	17225
1713	16713
5019	20019
9663	24663
6104	21104
8683	23683
10439	25439
12842	27842
7746	22746
1080	16080
5011	20011
7013	22013
7476	22476
13158	28158
858	15858
8432	23432
12589	27589
10074	25074
13802	28802
9959	24959
12182	27182
8057	23057
11448	26448
14341	29341
4024	19024
3434	18434
7421	22421
12079	27079
5296	20296
5224	20224
4447	19447
7292	22292
12383	27383
14169	29169
10753	25753
4037	19037
4392	19392
14180	29180
8692	23692
1634	16634
7847	22847
8288	23288
6179	21179
1749	16749
14783	29783
3006	18006
4719	19719
1543	16543
9139	24139
14464	29464
2327	17327
13146	28146
10506	25506
11917	26917
13656	28656
9252	24252
4311	19311
10960	25960
3836	18836
6553	21553
2243	17243
9716	24716
10727	25727
10880	25880
11446	26446
8957	23957
8948	23948
347	15347
2125	17125
6432	21432
10563	25563
5584	20584
4418	19418
2884	17884
3108	18108
11170	26170
10128	25128
11036	26036
12095	27095
14891	29891
6741	21741
811	15811
14585	29585
5630	20630
165	15165
14716	29716
6435	21435
1349	16349
10618	25618
4118	19118
3242	18242
10082	25082
2795	17795
11504	26504
13360	28360
2315	17315
12786	27786
10257	25257
14853	29853
13827	28827
14259	29259
1431	16431
12298	27298
8564	23564
11682	26682
9484	24484
3694	18694
14812	29812
14553	29553
12003	27003
4185	19185
7304	22304
11493	26493
1671	16671
12330	27330
769	15769
3	15003
6929	21929
7001	22001
10740	25740
9487	24487
1395	16395
13803	28803
959	15959
13251	28251
6642	21642
1682	16682
5024	20024
12954	27954
9203	24203
13023	28023
9746	24746
9662	24662
14543	29543
8006	23006
6139	21139
900	15900
12811	27811
2879	17879
14802	29802
6416	21416
3545	18545
7383	22383
8553	23553
8325	23325
4896	19896
2477	17477
10863	25863
1825	16825
2022	17022
7015	22015
227	15227
2333	17333
12462	27462
6704	21704
169	15169
5054	20054
10928	25928
5891	20891
12048	27048
341	15341
1410	16410
9764	24764
640	15640
1040	16040
12352	27352
11049	26049
7168	22168
3088	18088
10360	25360
3702	18702
1498	16498
11490	26490
11280	26280
13265	28265
11527	26527
7348	22348
12715	27715
11308	26308
3358	18358
11941	26941
10313	25313
1705	16705
693	15693
9054	24054
7957	22957
7274	22274
12618	27618
12677	27677
5331	20331
4287	19287
3785	18785
3537	18537
2562	17562
8183	23183
6714	21714
11457	26457
2372	17372
612	15612
1975	16975
717	15717
7184	22184
13333	28333
4461	19461
7479	22479
12242	27242
175	15175
6160	21160
11982	26982
3588	18588
7105	22105
5665	20665
7059	22059
1432	16432
8792	23792
4005	19005
1346	16346
12611	27611
14920	29920
3699	18699
4566	19566
984	15984
9725	24725
4773	19773
10311	25311
8561	23561
7220	22220
12425	27425
9441	24441
14952	29952
8429	23429
2742	17742
5960	20960
3616	18616
810	15810
588	15588
8928	23928
5199	20199
13598	28598
9149	24149
4283	19283
8748	23748
8876	23876
5122	20122
2624	17624
7752	22752
14820	29820
8895	23895
8833	23833
4397	19397
12496	27496
6461	21461
6392	21392
14432	29432
11103	26103
13074	28074
11584	26584
12840	27840
1496	16496
3318	18318
5504	20504
2104	17104
7694	22694
12900	27900
694	15694
7797	22797
10025	25025
11904	26904
4793	19793
2811	17811
8042	23042
11115	26115
4835	19835
8222	23222
2145	17145
4252	19252
11017	26017
1016	16016
14723	29723
1769	16769
10292	25292
14268	29268
5473	20473
308	15308
5466	20466
5482	20482
7593	22593
11899	26899
7926	22926
8685	23685
360	15360
1649	16649
14326	29326
4011	19011
912	15912
2908	17908
7279	22279
3594	18594
628	15628
4025	19025
13809	28809
6665	21665
7508	22508
4522	19522
7614	22614
1139	16139
4543	19543
11395	26395
3700	18700
14966	29966
7012	22012
12441	27441
12494	27494
5108	20108
12320	27320
14136	29136
10126	25126
7431	22431
180	15180
14753	29753
8969	23969
1668	16668
8289	23289
12322	27322
14422	29422
2601	17601
8519	23519
11683	26683
5488	20488
14497	29497
7178	22178
1979	16979
899	15899
1420	16420
8612	23612
7104	22104
5474	20474
1154	16154
4616	19616
4877	19877
8740	23740
6880	21880
13824	28824
6045	21045
4285	19285
14810	29810
7632	22632
3512	18512
1372	16372
14498	29498
13413	28413
4113	19113
11202	26202
9886	24886
3942	18942
9942	24942
10592	25592
10906	25906
9448	24448
11749	26749
14249	29249
4211	19211
4514	19514
7913	22913
562	15562
487	15487
13542	28542
14365	29365
807	15807
9055	24055
1665	16665
8640	23640
6757	21757
14834	29834
10319	25319
4626	19626
14285	29285
2169	17169
809	15809
8843	23843
14639	29639
4031	19031
9041	24041
4904	19904
1365	16365
12986	27986
2293	17293
11645	26645
6580	21580
7737	22737
3813	18813
13743	28743
11878	26878
6774	21774
2504	17504
10494	25494
8353	23353
7151	22151
2450	17450
7774	22774
12830	27830
9126	24126
2756	17756
7816	22816
2464	17464
10325	25325
3641	18641
14188	29188
13325	28325
5596	20596
10827	25827
1553	16553
7038	22038
12327	27327
2245	17245
6062	21062
12000	27000
11192	26192
8660	23660
13131	28131
3926	18926
12166	27166
7543	22543
14291	29291
8501	23501
4159	19159
12904	27904
12061	27061
13513	28513
1082	16082
6640	21640
1999	16999
3574	18574
14372	29372
6981	21981
7768	22768
7242	22242
14649	29649
9769	24769
5767	20767
14381	29381
159	15159
4811	19811
5621	20621
6719	21719
14662	29662
5974	20974
1742	16742
2175	17175
11424	26424
11222	26222
5288	20288
4501	19501
9077	24077
14104	29104
6971	21971
4999	19999
7095	22095
5434	20434
11268	26268
2303	17303
4577	19577
5293	20293
7320	22320
2034	17034
1383	16383
9949	24949
7270	22270
11632	26632
4448	19448
5160	20160
1411	16411
2499	17499
4865	19865
9432	24432
5367	20367
6276	21276
10956	25956
4863	19863
10566	25566
4198	19198
473	15473
5668	20668
6022	21022
1259	16259
11786	26786
771	15771
14192	29192
1433	16433
9602	24602
14824	29824
3186	18186
1042	16042
12174	27174
3315	18315
14803	29803
4137	19137
4111	19111
3642	18642
13952	28952
3560	18560
5385	20385
8684	23684
9366	24366
2291	17291
5565	20565
5413	20413
4693	19693
4871	19871
10294	25294
9371	24371
9062	24062
1090	16090
9133	24133
14166	29166
532	15532
12279	27279
11430	26430
1997	16997
3239	18239
1890	16890
11606	26606
9053	24053
4763	19763
1369	16369
9483	24483
11399	26399
2079	17079
6878	21878
7536	22536
11561	26561
3063	18063
1529	16529
9963	24963
4023	19023
9232	24232
171	15171
6696	21696
14108	29108
4033	19033
2149	17149
14320	29320
4182	19182
8278	23278
5583	20583
5903	20903
7494	22494
13423	28423
5096	20096
6048	21048
4594	19594
8328	23328
6000	21000
5573	20573
14382	29382
9667	24667
6609	21609
1147	16147
3456	18456
13754	28754
10310	25310
7888	22888
10466	25466
5638	20638
5412	20412
12713	27713
8609	23609
5201	20201
8105	23105
14863	29863
11562	26562
6051	21051
2290	17290
9419	24419
5440	20440
9991	24991
9780	24780
7230	22230
13463	28463
4894	19894
5744	20744
2507	17507
12133	27133
2698	17698
870	15870
5451	20451
5688	20688
3190	18190
12189	27189
7744	22744
3146	18146
2818	17818
9057	24057
14641	29641
14684	29684
2467	17467
1947	16947
4597	19597
1780	16780
5696	20696
10462	25462
4034	19034
5717	20717
9861	24861
7597	22597
1443	16443
2838	17838
11668	26668
2118	17118
9430	24430
8459	23459
788	15788
4049	19049
957	15957
7999	22999
8163	23163
13779	28779
3441	18441
14044	29044
517	15517
1019	16019
14975	29975
14921	29921
259	15259
1095	16095
13664	28664
10028	25028
12566	27566
14721	29721
20	15020
14571	29571
14512	29512
9553	24553
4047	19047
14929	29929
11951	26951
9807	24807
11624	26624
3591	18591
12947	27947
4909	19909
9243	24243
3349	18349
12405	27405
3667	18667
14698	29698
2311	17311
4022	19022
13668	28668
2362	17362
7489	22489
9525	24525
3037	18037
13522	28522
9537	24537
10984	25984
11041	26041
9568	24568
6053	21053
8335	23335
1052	16052
10804	25804
643	15643
5299	20299
9179	24179
2426	17426
138	15138
1054	16054
13676	28676
2011	17011
14421	29421
7548	22548
659	15659
463	15463
11713	26713
14500	29500
11269	26269
4525	19525
557	15557
14280	29280
11147	26147
6183	21183
13657	28657
1757	16757
2753	17753
8311	23311
3533	18533
4080	19080
11415	26415
5949	20949
10084	25084
14503	29503
7709	22709
13552	28552
6418	21418
9911	24911
3887	18887
12464	27464
14209	29209
11109	26109
9696	24696
12707	27707
11173	26173
9936	24936
1435	16435
4437	19437
6339	21339
3376	18376
894	15894
5704	20704
9721	24721
7215	22215
13521	28521
13545	28545
6686	21686
12508	27508
11228	26228
4994	19994
11900	26900
14111	29111
614	15614
1385	16385
6228	21228
9090	24090
7512	22512
12916	27916
11289	26289
5979	20979
3830	18830
2295	17295
13493	28493
1849	16849
944	15944
11394	26394
4348	19348
7131	22131
9349	24349
12993	27993
14711	29711
11935	26935
7509	22509
12672	27672
9669	24669
12346	27346
14339	29339
12358	27358
4861	19861
12491	27491
9135	24135
8365	23365
5776	20776
1222	16222
3680	18680
14875	29875
4656	19656
8557	23557
12263	27263
9648	24648
1659	16659
110	15110
11852	26852
8322	23322
9241	24241
2069	17069
6935	21935
319	15319
10368	25368
2715	17715
946	15946
12627	27627
11366	26366
12547	27547
13081	28081
7788	22788
6295	21295
10178	25178
9407	24407
2369	17369
12630	27630
11094	26094
6042	21042
4095	19095
1265	16265
6157	21157
8470	23470
2765	17765
5099	20099
5212	20212
4636	19636
8476	23476
14648	29648
6282	21282
8361	23361
8109	23109
11689	26689
14003	29003
5206	20206
9146	24146
10922	25922
7626	22626
10117	25117
1544	16544
14835	29835
13973	28973
98	15098
2729	17729
2735	17735
7502	22502
10643	25643
2694	17694
7106	22106
160	15160
9502	24502
10232	25232
464	15464
14431	29431
3782	18782
2376	17376
1274	16274
7324	22324
14141	29141
12407	27407
13797	28797
3470	18470
231	15231
13649	28649
5658	20658
6234	21234
6275	21275
12584	27584
13510	28510
3040	18040
6558	21558
5395	20395
4365	19365
10054	25054
13480	28480
3706	18706
4888	19888
10334	25334
7233	22233
828	15828
183	15183
749	15749
399	15399
11411	26411
6706	21706
8492	23492
5645	20645
1996	16996
4420	19420
13866	28866
568	15568
8444	23444
12629	27629
10654	25654
12140	27140
12445	27445
6735	21735
10332	25332
11882	26882
9034	24034
2241	17241
14292	29292
5694	20694
11356	26356
964	15964
10073	25073
7754	22754
9617	24617
6186	21186
1961	16961
1229	16229
2692	17692
829	15829
3317	18317
2546	17546
2213	17213
3054	18054
2794	17794
6089	21089
4949	19949
4517	19517
14489	29489
4529	19529
12375	27375
6455	21455
14604	29604
3742	18742
11795	26795
6222	21222
11972	26972
5471	20471
13021	28021
5507	20507
7946	22946
9079	24079
1093	16093
3969	18969
12272	27272
956	15956
11549	26549
12062	27062
4048	19048
12458	27458
12397	27397
13964	28964
13418	28418
6441	21441
12368	27368
12345	27345
11061	26061
8509	23509
7704	22704
7818	22818
850	15850
5359	20359
1779	16779
5972	20972
9794	24794
5356	20356
2283	17283
7115	22115
3399	18399
7872	22872
7464	22464
6009	21009
13499	28499
4060	19060
8835	23835
4381	19381
13372	28372
2598	17598
13124	28124
8334	23334
1969	16969
3690	18690
918	15918
10539	25539
8883	23883
5712	20712
475	15475
3957	18957
14082	29082
8369	23369
2130	17130
6499	21499
660	15660
3670	18670
11760	26760
6562	21562
9929	24929
14790	29790
1824	16824
1008	16008
2538	17538
9715	24715
3673	18673
12369	27369
7386	22386
5352	20352
4786	19786
6229	21229
11315	26315
4026	19026
21	15021
14936	29936
8882	23882
12075	27075
14763	29763
5081	20081
6405	21405
6278	21278
6100	21100
11179	26179
5238	20238
7444	22444
12202	27202
11123	26123
1331	16331
8956	23956
3496	18496
3041	18041
12152	27152
4155	19155
7506	22506
14233	29233
7799	22799
5519	20519
8887	23887
5376	20376
12354	27354
394	15394
624	15624
14847	29847
11686	26686
4937	19937
1547	16547
3573	18573
13456	28456
6352	21352
6039	21039
11225	26225
14110	29110
14902	29902
13214	28214
13941	28941
2015	17015
8039	23039
8775	23775
3844	18844
10902	25902
9863	24863
12772	27772
9893	24893
1056	16056
10241	25241
1187	16187
12747	27747
14943	29943
9786	24786
633	15633
2510	17510
1865	16865
2085	17085
8871	23871
2331	17331
4141	19141
5570	20570
5803	20803
9032	24032
6645	21645
14389	29389
13742	28742
1877	16877
7901	22901
2133	17133
756	15756
5202	20202
4408	19408
4394	19394
12731	27731
8098	23098
9933	24933
4964	19964
5040	20040
6288	21288
4289	19289
13099	28099
816	15816
645	15645
8987	23987
3395	18395
8894	23894
9294	24294
3219	18219
2847	17847
4823	19823
10882	25882
4782	19782
10430	25430
3867	18867
9025	24025
2711	17711
10677	25677
6566	21566
1827	16827
14987	29987
2782	17782
12623	27623
7412	22412
7455	22455
827	15827
14467	29467
5013	20013
8267	23267
13946	28946
14120	29120
685	15685
7434	22434
6541	21541
10411	25411
9928	24928
9789	24789
5730	20730
4421	19421
5902	20902
8949	23949
12482	27482
13135	28135
8631	23631
9433	24433
8175	23175
9976	24976
14394	29394
3759	18759
14079	29079
5872	20872
1625	16625
9332	24332
6922	21922
11129	26129
3165	18165
958	15958
6496	21496
7975	22975
97	15097
9907	24907
34	15034
14476	29476
12431	27431
5424	20424
10432	25432
5090	20090
1575	16575
10552	25552
2018	17018
178	15178
1017	16017
1130	16130
9063	24063
14400	29400
12676	27676
3090	18090
13605	28605
12428	27428
12054	27054
13623	28623
4442	19442
14692	29692
9309	24309
11909	26909
1223	16223
12692	27692
2767	17767
6342	21342
3491	18491
4550	19550
10752	25752
14542	29542
8838	23838
8291	23291
11014	26014
2560	17560
2463	17463
8681	23681
2033	17033
2528	17528
1155	16155
8377	23377
14706	29706
9741	24741
6815	21815
12899	27899
2014	17014
8794	23794
4952	19952
4359	19359
7265	22265
6725	21725
13737	28737
10953	25953
9565	24565
11536	26536
132	15132
1085	16085
6095	21095
14615	29615
4350	19350
11428	26428
11746	26746
7173	22173
7102	22102
252	15252
1708	16708
933	15933
3224	18224
6955	21955
9386	24386
12192	27192
14682	29682
11311	26311
8137	23137
864	15864
1857	16857
9195	24195
12010	27010
1528	16528
7226	22226
12545	27545
13927	28927
14449	29449
1376	16376
1321	16321
9796	24796
4991	19991
5792	20792
9204	24204
10944	25944
9304	24304
1490	16490
14194	29194
2628	17628
9606	24606
11403	26403
2739	17739
2234	17234
1710	16710
5007	20007
7022	22022
8931	23931
8869	23869
13641	28641
4921	19921
1843	16843
3659	18659
3765	18765
3389	18389
9045	24045
8744	23744
190	15190
561	15561
1472	16472
7326	22326
2630	17630
13433	28433
3632	18632
9510	24510
13746	28746
17	15017
1902	16902
537	15537
3262	18262
6314	21314
6115	21115
3718	18718
4924	19924
1948	16948
12652	27652
5132	20132
12472	27472
11122	26122
13052	28052
136	15136
11785	26785
14261	29261
9523	24523
5484	20484
3521	18521
6523	21523
8261	23261
6107	21107
10447	25447
10323	25323
13285	28285
4415	19415
12396	27396
5415	20415
7640	22640
6232	21232
14614	29614
9517	24517
11402	26402
1277	16277
14304	29304
8896	23896
10568	25568
1485	16485
10465	25465
13942	28942
2635	17635
9563	24563
13114	28114
11717	26717
2969	17969
8418	23418
4516	19516
11252	26252
7123	22123
9583	24583
8988	23988
1028	16028
4838	19838
3517	18517
13326	28326
1291	16291
1347	16347
4777	19777
13569	28569
14680	29680
2886	17886
6138	21138
10505	25505
14348	29348
9397	24397
11331	26331
5758	20758
5370	20370
751	15751
8859	23859
7080	22080
1837	16837
12411	27411
5826	20826
14601	29601
14653	29653
4732	19732
115	15115
13568	28568
10023	25023
9456	24456
14849	29849
6204	21204
12616	27616
14018	29018
10396	25396
856	15856
5611	20611
7577	22577
4292	19292
9091	24091
3286	18286
5491	20491
8327	23327
3009	18009
8397	23397
3468	18468
14322	29322
5310	20310
1126	16126
8478	23478
11837	26837
13589	28589
14086	29086
12520	27520
3233	18233
9463	24463
5407	20407
4170	19170
6630	21630
8820	23820
7210	22210
4149	19149
3031	18031
6559	21559
12107	27107
13151	28151
4920	19920
1809	16809
5667	20667
11244	26244
9095	24095
3871	18871
2062	17062
2155	17155
302	15302
8363	23363
14023	29023
8434	23434
10525	25525
10218	25218
1236	16236
5515	20515
4884	19884
9906	24906
8771	23771
11254	26254
9978	24978
12948	27948
7228	22228
3728	18728
5265	20265
799	15799
11579	26579
4720	19720
1942	16942
4929	19929
3231	18231
770	15770
88	15088
13948	28948
12222	27222
4627	19627
6181	21181
6602	21602
3161	18161
11543	26543
3495	18495
5044	20044
2946	17946
12409	27409
12995	27995
1818	16818
9552	24552
2965	17965
6468	21468
296	15296
8521	23521
2802	17802
13230	28230
8938	23938
4061	19061
8935	23935
2642	17642
7354	22354
11759	26759
5769	20769
13616	28616
6415	21415
11506	26506
11920	26920
7474	22474
459	15459
10193	25193
10351	25351
5879	20879
9892	24892
12951	27951
5997	20997
14312	29312
752	15752
4186	19186
5571	20571
6861	21861
99	15099
2666	17666
6622	21622
2075	17075
40	15040
7110	22110
1115	16115
603	15603
9106	24106
13154	28154
9116	24116
11306	26306
2740	17740
87	15087
970	15970
11855	26855
6721	21721
3227	18227
9030	24030
163	15163
10616	25616
336	15336
2727	17727
10970	25970
8769	23769
9422	24422
106	15106
10704	25704
2176	17176
14059	29059
2564	17564
6078	21078
7732	22732
4148	19148
1894	16894
10737	25737
7158	22158
3002	18002
3760	18760
7179	22179
1238	16238
9717	24717
5112	20112
8394	23394
3721	18721
355	15355
8281	23281
1162	16162
11635	26635
3705	18705
10057	25057
9299	24299
14513	29513
13050	28050
14412	29412
7126	22126
14924	29924
4192	19192
10609	25609
4779	19779
12906	27906
3204	18204
3465	18465
10669	25669
5220	20220
4286	19286
13963	28963
8662	23662
8965	23965
1209	16209
8086	23086
8962	23962
2127	17127
9668	24668
3940	18940
2274	17274
5111	20111
6662	21662
7520	22520
11641	26641
513	15513
367	15367
12139	27139
12081	27081
1654	16654
10207	25207
4020	19020
12007	27007
11805	26805
11842	26842
3565	18565
935	15935
13795	28795
11514	26514
5880	20880
8671	23671
12476	27476
7714	22714
8180	23180
2006	17006
8951	23951
9492	24492
13897	28897
3482	18482
14093	29093
14687	29687
4229	19229
7382	22382
11068	26068
13416	28416
8940	23940
11474	26474
11363	26363
1773	16773
6980	21980
13407	28407
13317	28317
8666	23666
8445	23445
2424	17424
7144	22144
9953	24953
10399	25399
963	15963
1656	16656
3008	18008
11621	26621
10890	25890
14927	29927
2841	17841
2215	17215
590	15590
7863	22863
3906	18906
4338	19338
2997	17997
10166	25166
4247	19247
5503	20503
9228	24228
3005	18005
12975	27975
13883	28883
12248	27248
3974	18974
8839	23839
11542	26542
9812	24812
5290	20290
14417	29417
8905	23905
2988	17988
2675	17675
10606	25606
1614	16614
9828	24828
9435	24435
1535	16535
4163	19163
5065	20065
6830	21830
6959	21959
13876	28876
6888	21888
661	15661
6659	21659
12208	27208
12569	27569
10107	25107
7592	22592
11963	26963
1989	16989
9947	24947
3026	18026
6016	21016
13377	28377
14619	29619
7765	22765
12226	27226
14646	29646
4161	19161
10173	25173
7437	22437
7118	22118
14258	29258
3798	18798
9152	24152
13672	28672
2703	17703
5511	20511
7521	22521
3812	18812
261	15261
1234	16234
8011	23011
2270	17270
5761	20761
5881	20881
5036	20036
10373	25373
11697	26697
5937	20937
12781	27781
3990	18990
9396	24396
12780	27780
10305	25305
9538	24538
4972	19972
9551	24551
4099	19099
13954	28954
12670	27670
7368	22368
11910	26910
14387	29387
14548	29548
7371	22371
7283	22283
13536	28536
8862	23862
371	15371
940	15940
546	15546
7809	22809
11205	26205
5629	20629
13449	28449
13306	28306
11385	26385
3074	18074
4274	19274
3096	18096
2512	17512
9193	24193
1427	16427
1546	16546
9338	24338
9707	24707
1597	16597
2489	17489
13696	28696
2065	17065
793	15793
7934	22934
4780	19780
7787	22787
3202	18202
10754	25754
7690	22690
5756	20756
1021	16021
5555	20555
9157	24157
8909	23909
12734	27734
10637	25637
8605	23605
10588	25588
6050	21050
13959	28959
5683	20683
7636	22636
2625	17625
3164	18164
12931	27931
5147	20147
38	15038
4744	19744
3488	18488
4790	19790
4129	19129
10130	25130
14574	29574
26	15026
11508	26508
2171	17171
10134	25134
2923	17923
9074	24074
14551	29551
11028	26028
9846	24846
1747	16747
13953	28953
726	15726
5097	20097
14203	29203
13110	28110
7275	22275
12009	27009
8032	23032
12937	27937
329	15329
7191	22191
10516	25516
13650	28650
7416	22416
13028	28028
7418	22418
9295	24295
8145	23145
1049	16049
12308	27308
9297	24297
12467	27467
6576	21576
14238	29238
8071	23071
13784	28784
5210	20210
13905	28905
13415	28415
798	15798
7497	22497
12932	27932
10596	25596
13116	28116
13890	28890
4279	19279
1101	16101
9826	24826
14491	29491
14691	29691
11437	26437
1903	16903
5318	20318
8460	23460
10222	25222
13336	28336
9599	24599
14806	29806
4166	19166
14146	29146
1589	16589
7938	22938
11048	26048
11564	26564
8827	23827
2796	17796
5338	20338
8565	23565
5433	20433
12877	27877
13955	28955
4291	19291
11336	26336
5324	20324
349	15349
9798	24798
6475	21475
3924	18924
7618	22618
9992	24992
4604	19604
4953	19953
10562	25562
3824	18824
3020	18020
12294	27294
5127	20127
6165	21165
7089	22089
4290	19290
11343	26343
4356	19356
4874	19874
14472	29472
3862	18862
3305	18305
13671	28671
8174	23174
11918	26918
6933	21933
7068	22068
2194	17194
6767	21767
13938	28938
9900	24900
10200	25200
6178	21178
10099	25099
103	15103
9745	24745
9692	24692
6823	21823
4488	19488
2322	17322
9664	24664
11566	26566
9142	24142
6658	21658
1563	16563
2981	17981
2774	17774
6962	21962
5458	20458
8799	23799
10452	25452
12256	27256
5664	20664
6363	21363
13771	28771
257	15257
7227	22227
3226	18226
6354	21354
1309	16309
707	15707
9082	24082
10213	25213
13610	28610
13235	28235
11288	26288
2035	17035
4293	19293
8613	23613
6923	21923
12970	27970
12014	27014
7860	22860
11323	26323
10708	25708
10376	25376
13393	28393
3655	18655
6409	21409
10395	25395
6400	21400
10558	25558
6308	21308
14501	29501
6323	21323
10093	25093
11445	26445
1513	16513
1073	16073
3701	18701
3911	18911
1417	16417
3459	18459
11022	26022
3360	18360
10900	25900
7456	22456
10591	25591
576	15576
8663	23663
3261	18261
10477	25477
1068	16068
3124	18124
3282	18282
5242	20242
14610	29610
1517	16517
4859	19859
1368	16368
875	15875
7850	22850
12309	27309
851	15851
4183	19183
8347	23347
743	15743
5261	20261
720	15720
12935	27935
483	15483
5241	20241
1012	16012
14947	29947
6148	21148
14453	29453
10234	25234
14178	29178
2615	17615
1888	16888
12795	27795
13831	28831
10528	25528
14092	29092
12872	27872
7128	22128
7587	22587
12875	27875
14448	29448
531	15531
8172	23172
11765	26765
6273	21273
2873	17873
2007	17007
1044	16044
8579	23579
7545	22545
6068	21068
13709	28709
5048	20048
696	15696
4021	19021
4102	19102
7518	22518
7396	22396
3284	18284
5055	20055
14563	29563
11158	26158
8766	23766
13270	28270
9571	24571
3398	18398
8791	23791
6679	21679
7100	22100
381	15381
3472	18472
11970	26970
4336	19336
13363	28363
7470	22470
5508	20508
7691	22691
5268	20268
3528	18528
5341	20341
13182	28182
13080	28080
5163	20163
8543	23543
8620	23620
4853	19853
3883	18883
13221	28221
10355	25355
3404	18404
11357	26357
13293	28293
8817	23817
13916	28916
156	15156
14494	29494
13970	28970
6931	21931
3383	18383
14554	29554
1231	16231
636	15636
10816	25816
6	15006
13966	28966
6806	21806
8808	23808
10361	25361
460	15460
7674	22674
12976	27976
12217	27217
12902	27902
1664	16664
14666	29666
6843	21843
1262	16262
3936	18936
6164	21164
4202	19202
11824	26824
7568	22568
2430	17430
10747	25747
14425	29425
2244	17244
6879	21879
11675	26675
11874	26874
715	15715
12924	27924
86	15086
1851	16851
12592	27592
12035	27035
339	15339
9974	24974
22	15022
9977	24977
2930	17930
4612	19612
6901	21901
5409	20409
7031	22031
6302	21302
2329	17329
10789	25789
11261	26261
2421	17421
10142	25142
14011	29011
6300	21300
10941	25941
3854	18854
9603	24603
11694	26694
4913	19913
9070	24070
3903	18903
11489	26489
2571	17571
3188	18188
10557	25557
8814	23814
6397	21397
12562	27562
6199	21199
13088	28088
1480	16480
2824	17824
9206	24206
10270	25270
2760	17760
14126	29126
13018	28018
11875	26875
11661	26661
6249	21249
2408	17408
11848	26848
13951	28951
317	15317
1823	16823
3712	18712
85	15085
9610	24610
13553	28553
4772	19772
11720	26720
9597	24597
5380	20380
12667	27667
8980	23980
14689	29689
13889	28889
9817	24817
4892	19892
5110	20110
12691	27691
7596	22596
10675	25675
12282	27282
11530	26530
10434	25434
12250	27250
11817	26817
11576	26576
9982	24982
5157	20157
11567	26567
228	15228
8239	23239
1087	16087
6318	21318
12118	27118
4825	19825
3606	18606
5244	20244
9684	24684
1401	16401
9233	24233
5996	20996
12699	27699
3461	18461
14986	29986
14113	29113
7298	22298
7875	22875
7289	22289
6454	21454
4970	19970
10403	25403
8581	23581
6925	21925
2943	17943
2757	17757
2269	17269
4880	19880
7841	22841
4948	19948
744	15744
7044	22044
9619	24619
7120	22120
5765	20765
13257	28257
12674	27674
6168	21168
200	15200
1303	16303
8168	23168
7198	22198
3717	18717
14771	29771
11679	26679
3206	18206
3446	18446
11987	26987
13675	28675
13786	28786
14311	29311
8316	23316
11374	26374
724	15724
13519	28519
14793	29793
582	15582
8292	23292
11118	26118
1055	16055
5123	20123
9052	24052
7540	22540
1593	16593
11116	26116
307	15307
13290	28290
10354	25354
12684	27684
8761	23761
11553	26553
5295	20295
4704	19704
11521	26521
13303	28303
8014	23014
7711	22711
198	15198
2555	17555
14127	29127
14377	29377
12344	27344
8562	23562
14357	29357
3342	18342
4969	19969
12084	27084
12179	27179
14775	29775
9770	24770
10398	25398
10759	25759
7703	22703
9190	24190
9469	24469
11804	26804
503	15503
4536	19536
3042	18042
4145	19145
3951	18951
327	15327
3956	18956
1316	16316
8132	23132
1181	16181
3888	18888
4708	19708
1667	16667
9626	24626
4882	19882
10911	25911
9144	24144
4204	19204
4692	19692
12548	27548
3858	18858
4248	19248
214	15214
12249	27249
7552	22552
7460	22460
3779	18779
8084	23084
11729	26729
10728	25728
13189	28189
2431	17431
10196	25196
3789	18789
13686	28686
13027	28027
4388	19388
4683	19683
4731	19731
14599	29599
13586	28586
4142	19142
7974	22974
13256	28256
9736	24736
2860	17860
2657	17657
108	15108
6782	21782
2549	17549
13005	28005
12501	27501
8054	23054
13469	28469
10424	25424
10004	25004
11058	26058
13736	28736
14564	29564
14483	29483
1864	16864
13341	28341
10987	25987
11823	26823
12232	27232
11298	26298
8304	23304
8993	23993
3393	18393
12165	27165
3432	18432
12710	27710
5817	20817
1203	16203
12685	27685
9629	24629
14897	29897
7365	22365
2262	17262
3230	18230
3018	18018
11243	26243
6591	21591
10698	25698
6927	21927
4667	19667
13880	28880
13466	28466
5499	20499
12639	27639
9234	24234
12211	27211
2986	17986
3814	18814
9930	24930
7849	22849
2500	17500
13512	28512
2219	17219
6867	21867
301	15301
8699	23699
2673	17673
12274	27274
3486	18486
5223	20223
7329	22329
13297	28297
1092	16092
11271	26271
14683	29683
5870	20870
2182	17182
7960	22960
13112	28112
12268	27268
3965	18965
5325	20325
7349	22349
6748	21748
12495	27495
14950	29950
12350	27350
11869	26869
6527	21527
3551	18551
6337	21337
2839	17839
6134	21134
9899	24899
3105	18105
2144	17144
10610	25610
12654	27654
7585	22585
13289	28289
4135	19135
10244	25244
8114	23114
12005	27005
12626	27626
8974	23974
9037	24037
3409	18409
12787	27787
8786	23786
3561	18561
12008	27008
6587	21587
2976	17976
3303	18303
9007	24007
384	15384
7029	22029
8874	23874
5138	20138
2052	17052
9507	24507
9848	24848
1860	16860
1292	16292
8706	23706
1768	16768
12528	27528
6846	21846
3341	18341
12891	27891
6963	21963
13126	28126
3212	18212
1583	16583
269	15269
7483	22483
11897	26897
12262	27262
8403	23403
2804	17804
8187	23187
10162	25162
9245	24245
10805	25805
5372	20372
13697	28697
4980	19980
3753	18753
5633	20633
2612	17612
4013	19013
7675	22675
14327	29327
12846	27846
11307	26307
7281	22281
8873	23873
13362	28362
176	15176
2318	17318
13013	28013
7554	22554
9311	24311
1275	16275
188	15188
14414	29414
6532	21532
927	15927
832	15832
5291	20291
4844	19844
6781	21781
1239	16239
731	15731
8724	23724
13440	28440
12805	27805
1574	16574
14750	29750
5786	20786
14789	29789
12468	27468
13501	28501
11750	26750
14896	29896
3649	18649
2434	17434
13991	28991
10645	25645
9650	24650
6428	21428
12181	27181
6290	21290
2136	17136
5914	20914
14439	29439
650	15650
9097	24097
4372	19372
13976	28976
9071	24071
12563	27563
12761	27761
14118	29118
1811	16811
8480	23480
7582	22582
14880	29880
5863	20863
13508	28508
3148	18148
11078	26078
13939	28939
14791	29791
11182	26182
6113	21113
10650	25650
6458	21458
10700	25700
13405	28405
3985	18985
13680	28680
6765	21765
13380	28380
11618	26618
3019	18019
12430	27430
9181	24181
4922	19922
1672	16672
9844	24844
351	15351
14776	29776
9242	24242
7933	22933
6257	21257
1599	16599
13497	28497
12914	27914
2623	17623
422	15422
6202	21202
11684	26684
11373	26373
3634	18634
7048	22048
6761	21761
13395	28395
9630	24630
8618	23618
10696	25696
12041	27041
13162	28162
9094	24094
11414	26414
947	15947
8392	23392
903	15903
13371	28371
5316	20316
9897	24897
14386	29386
2579	17579
14170	29170
2378	17378
9827	24827
5799	20799
5980	20980
8238	23238
13427	28427
9921	24921
766	15766
7363	22363
1584	16584
2853	17853
4716	19716
4941	19941
10150	25150
1462	16462
6685	21685
11090	26090
13481	28481
911	15911
1456	16456
4416	19416
13184	28184
2081	17081
8079	23079
495	15495
4288	19288
2330	17330
3542	18542
4456	19456
9372	24372
2036	17036
13353	28353
1545	16545
4907	19907
7261	22261
10453	25453
13693	28693
9961	24961
12378	27378
12058	27058
11896	26896
11520	26520
7688	22688
12342	27342
12577	27577
11629	26629
6583	21583
5417	20417
10981	25981
13083	28083
9147	24147
14157	29157
13010	28010
11215	26215
5231	20231
2519	17519
3273	18273
6873	21873
2602	17602
9652	24652
632	15632
7202	22202
5883	20883
7727	22727
7338	22338
6531	21531
8176	23176
7127	22127
4938	19938
7887	22887
4831	19831
10349	25349
8944	23944
220	15220
2708	17708
5674	20674
1208	16208
5179	20179
11054	26054
8464	23464
4843	19843
14743	29743
10435	25435
996	15996
5512	20512
11500	26500
8937	23937
6064	21064
4547	19547
1904	16904
8154	23154
8953	23953
12286	27286
3256	18256
1555	16555
7992	22992
8236	23236
4760	19760
8772	23772
14878	29878
5185	20185
10801	25801
11952	26952
12105	27105
7333	22333
2800	17800
13496	28496
5892	20892
14264	29264
9790	24790
14057	29057
8784	23784
9474	24474
14457	29457
6827	21827
8346	23346
13118	28118
10745	25745
1148	16148
12765	27765
4354	19354
3879	18879
13873	28873
9114	24114
194	15194
12135	27135
1046	16046
10033	25033
7762	22762
1039	16039
14674	29674
2284	17284
5276	20276
12930	27930
500	15500
888	15888
4992	19992
14857	29857
11936	26936
120	15120
691	15691
2937	17937
6448	21448
8443	23443
9499	24499
13796	28796
583	15583
5282	20282
13870	28870
2728	17728
1022	16022
9381	24381
9268	24268
14708	29708
13406	28406
3122	18122
13186	28186
1100	16100
8679	23679
13756	28756
8819	23819
3598	18598
9752	24752
2137	17137
1964	16964
14813	29813
8297	23297
6664	21664
1489	16489
862	15862
315	15315
4267	19267
9612	24612
2420	17420
936	15936
12423	27423
7419	22419
2363	17363
11365	26365
7825	22825
9191	24191
14321	29321
6737	21737
10171	25171
14293	29293
8891	23891
8025	23025
11599	26599
9493	24493
7149	22149
9948	24948
14119	29119
10843	25843
6535	21535
11317	26317
2021	17021
3079	18079
12753	27753
3179	18179
8856	23856
11199	26199
2954	17954
3683	18683
9226	24226
13957	28957
11085	26085
4104	19104
10682	25682
134	15134
2525	17525
13046	28046
10662	25662
7555	22555
1855	16855
12939	27939
7425	22425
10685	25685
6103	21103
11955	26955
12385	27385
6536	21536
5193	20193
4426	19426
5644	20644
4342	19342
9129	24129
8551	23551
5382	20382
7467	22467
8780	23780
10788	25788
3267	18267
3715	18715
7133	22133
9274	24274
5028	20028
8547	23547
13168	28168
12573	27573
9111	24111
4353	19353
9431	24431
8045	23045
4609	19609
12861	27861
7246	22246
6812	21812
5727	20727
10437	25437
4172	19172
14	15014
7317	22317
155	15155
6307	21307
3391	18391
7448	22448
7581	22581
1907	16907
13465	28465
5443	20443
12136	27136
6069	21069
10273	25273
5714	20714
10901	25901
7623	22623
12839	27839
14506	29506
8408	23408
7871	22871
7414	22414
10408	25408
3257	18257
4450	19450
13625	28625
13077	28077
5886	20886
3462	18462
6965	21965
1267	16267
12739	27739
4425	19425
11044	26044
3928	18928
1300	16300
6260	21260
9485	24485
13115	28115
675	15675
11539	26539
7858	22858
3140	18140
13093	28093
14901	29901
10567	25567
12675	27675
2487	17487
12134	27134
7700	22700
842	15842
13630	28630
14866	29866
1914	16914
13559	28559
4483	19483
13218	28218
6862	21862
11300	26300
14102	29102
4075	19075
6007	21007
2713	17713
3187	18187
10879	25879
4007	19007
2912	17912
1010	16010
10994	25994
938	15938
11702	26702
9392	24392
9413	24413
4944	19944
13305	28305
7906	22906
5333	20333
6074	21074
12155	27155
10043	25043
10661	25661
10288	25288
3983	18983
4250	19250
9354	24354
2523	17523
7669	22669
1003	16003
55	15055
9665	24665
6402	21402
13547	28547
8447	23447
7313	22313
9923	24923
11284	26284
8677	23677
4886	19886
1170	16170
12415	27415
6097	21097
14693	29693
13417	28417
13117	28117
2749	17749
12324	27324
8312	23312
4672	19672
10837	25837
12886	27886
9393	24393
9804	24804
12722	27722
12637	27637
6809	21809
13145	28145
9768	24768
7764	22764
7426	22426
10586	25586
11462	26462
13068	28068
9312	24312
4358	19358
9614	24614
7651	22651
13843	28843
8373	23373
3427	18427
7648	22648
1400	16400
4117	19117
6332	21332
10186	25186
3803	18803
3938	18938
8225	23225
11072	26072
10791	25791
6509	21509
4032	19032
7238	22238
7026	22026
14374	29374
14951	29951
12292	27292
10807	25807
13338	28338
10872	25872
13320	28320
14148	29148
9519	24519
12564	27564
2785	17785
11227	26227
3195	18195
3348	18348
9066	24066
991	15991
7865	22865
69	15069
14701	29701
13515	28515
14831	29831
5500	20500
1806	16806
13764	28764
4520	19520
5245	20245
9815	24815
1611	16611
8395	23395
939	15939
11558	26558
646	15646
14338	29338
13877	28877
10573	25573
11984	26984
1158	16158
2116	17116
3437	18437
3347	18347
6046	21046
3820	18820
3511	18511
11831	26831
260	15260
2650	17650
1813	16813
3336	18336
8985	23985
6319	21319
9960	24960
10239	25239
11498	26498
9783	24783
9497	24497
12585	27585
9679	24679
7781	22781
8680	23680
13033	28033
5171	20171
13830	28830
855	15855
11925	26925
11137	26137
13155	28155
10969	25969
1121	16121
2691	17691
8200	23200
2316	17316
14839	29839
8981	23981
9938	24938
2913	17913
6573	21573
5246	20246
2041	17041
3918	18918
299	15299
10581	25581
8117	23117
1944	16944
6417	21417
4490	19490
4393	19393
11	15011
12	15012
728	15728
3241	18241
14490	29490
6515	21515
4237	19237
806	15806
11381	26381
8019	23019
2147	17147
14747	29747
2250	17250
7258	22258
1324	16324
3822	18822
6777	21777
10498	25498
3744	18744
5445	20445
14391	29391
12374	27374
4506	19506
5346	20346
10886	25886
9167	24167
2582	17582
11449	26449
7964	22964
6808	21808
7208	22208
1342	16342
10284	25284
12896	27896
1408	16408
698	15698
9843	24843
11516	26516
7775	22775
815	15815
12438	27438
6932	21932
375	15375
5070	20070
6388	21388
1442	16442
3279	18279
4766	19766
5435	20435
1681	16681
2996	17996
10500	25500
8185	23185
4297	19297
13785	28785
14071	29071
6151	21151
6214	21214
5353	20353
7130	22130
10245	25245
1862	16862
3334	18334
80	15080
880	15880
4728	19728
12145	27145
2605	17605
12163	27163
13608	28608
4404	19404
304	15304
8902	23902
7996	22996
3750	18750
6488	21488
3627	18627
12439	27439
5336	20336
11236	26236
10274	25274
7390	22390
9010	24010
14913	29913
2651	17651
14337	29337
8915	23915
189	15189
3407	18407
2189	17189
12323	27323
2242	17242
4661	19661
8868	23868
8916	23916
5963	20963
154	15154
14340	29340
7867	22867
11214	26214
5864	20864
12854	27854
9385	24385
1351	16351
2	15002
9442	24442
3954	18954
5155	20155
425	15425
10036	25036
13119	28119
13105	28105
14819	29819
7336	22336
11313	26313
4685	19685
3197	18197
8329	23329
14067	29067
8535	23535
5679	20679
8138	23138
4705	19705
12138	27138
5743	20743
5156	20156
10697	25697
3011	18011
268	15268
4109	19109
3057	18057
12967	27967
6632	21632
14123	29123
7877	22877
13745	28745
14207	29207
1099	16099
12946	27946
11359	26359
14907	29907
2442	17442
1458	16458
8614	23614
5225	20225
634	15634
8625	23625
12124	27124
14418	29418
9884	24884
11660	26660
4805	19805
6507	21507
5124	20124
6848	21848
6807	21807
6896	21896
7076	22076
2736	17736
11949	26949
431	15431
881	15881
14016	29016
288	15288
6094	21094
7616	22616
6954	21954
10790	25790
3402	18402
10878	25878
2265	17265
10974	25974
2972	17972
4059	19059
5320	20320
6883	21883
10748	25748
14526	29526
11956	26956
3682	18682
10289	25289
12351	27351
3103	18103
10242	25242
6125	21125
6771	21771
10177	25177
13271	28271
3849	18849
5695	20695
1624	16624
9399	24399
10644	25644
2112	17112
11663	26663
11849	26849
14566	29566
12050	27050
490	15490
7546	22546
9706	24706
11644	26644
8560	23560
11592	26592
1032	16032
14177	29177
14362	29362
12806	27806
11497	26497
1905	16905
7372	22372
67	15067
11432	26432
1428	16428
13383	28383
13506	28506
4387	19387
11600	26600
10517	25517
14780	29780
2534	17534
4895	19895
3581	18581
4412	19412
12726	27726
4322	19322
1374	16374
13772	28772
7482	22482
5181	20181
6434	21434
4702	19702
8651	23651
11348	26348
8341	23341
11840	26840
5292	20292
2911	17911
7586	22586
14134	29134
10038	25038
6466	21466
4638	19638
4851	19851
3331	18331
8003	23003
5675	20675
7480	22480
5566	20566
14081	29081
6182	21182
4486	19486
13620	28620
9047	24047
8911	23911
11678	26678
10961	25961
10545	25545
5700	20700
7017	22017
10548	25548
10345	25345
8439	23439
6422	21422
1700	16700
533	15533
10943	25943
8110	23110
1495	16495
5079	20079
10793	25793
12074	27074
12284	27284
7560	22560
12841	27841
11770	26770
9461	24461
7114	22114
2407	17407
7743	22743
2432	17432
10421	25421
7442	22442
2365	17365
3770	18770
7786	22786
4264	19264
12100	27100
5574	20574
14909	29909
12254	27254
3654	18654
8070	23070
14074	29074
7895	22895
5890	20890
3536	18536
12434	27434
10258	25258
76	15076
10312	25312
13928	28928
4307	19307
10965	25965
8695	23695
908	15908
892	15892
12251	27251
14021	29021
12812	27812
12115	27115
706	15706
266	15266
13961	28961
13993	28993
7970	22970
5725	20725
13447	28447
6569	21569
1053	16053
1512	16512
12625	27625
6264	21264
6702	21702
5916	20916
6346	21346
12363	27363
6425	21425
11695	26695
2858	17858
14360	29360
13576	28576
11486	26486
