14354	29302
13028	28322
2967	17810
3297	18218
11864	27319
14352	29300
2516	17426
5524	20879
1936	16884
9633	25107
4464	19809
926	15820
3584	24301
566	15515
11563	26981
13063	18691
14422	29375
0	18384
9117	24613
3125	17966
12381	27808
22	15014
9189	18630
13691	28643
14670	29669
123	29596
13492	28479
824	15779
5252	20608
10200	25638
3124	17964
13227	18663
2941	17784
962	15916
13803	28702
8235	19174
4079	19421
2798	17664
7200	22615
5540	20894
5429	20785
12619	27181
9078	24458
8774	24262
9140	24636
5186	20543
14628	29610
598	15557
7115	22518
13236	28383
10286	25726
4773	20109
5026	20376
10311	25749
5608	20965
668	15646
6243	21637
6025	21371
6261	21609
12462	27890
11261	26682
8990	24504
12034	16443
12686	28113
3495	29296
2914	17760
8467	23951
6434	21814
6529	21913
4459	19804
2319	17242
6751	22150
10300	25733
8918	24425
13500	18705
8592	24076
6832	22230
7133	22538
3955	19302
5546	20900
5050	20411
13047	28152
9283	24775
5975	21318
13897	28847
13768	28725
9543	19479
3179	18102
14205	29179
11043	26464
7936	23418
7443	22884
14967	29957
10093	20215
3397	18453
5971	21314
10040	25493
575	15527
9267	24758
7349	22793
7869	23357
8275	23754
11126	26542
1795	16746
4857	20228
11122	26539
4725	20066
14209	29182
4088	19431
1057	16009
1747	16704
7357	22802
4268	19700
12261	27699
3000	17843
2658	17543
3845	19132
732	15691
7616	23076
6373	21753
10097	25536
6484	21864
6418	21797
12234	27670
14986	15913
14810	29781
4659	19996
4381	29019
2439	17350
7486	22927
7846	23338
10291	25660
8819	24324
615	15572
14099	29056
11528	26953
1659	16617
13677	28632
5671	21140
7537	22976
9950	25407
10054	25505
6191	21560
3273	18198
14977	29966
10722	26150
11250	26670
12954	28291
7627	23098
4244	19573
6180	21547
11666	27090
4392	19715
5635	20993
10235	25675
9048	24555
10237	25677
4983	20330
845	15795
3034	17876
2720	17593
12046	27496
12139	27586
8284	23763
14095	29052
8297	23776
2289	17217
14362	29305
13383	29996
5214	20569
13847	28798
13045	28330
1240	16190
5627	20985
6938	22337
13302	17162
8228	23709
4779	20115
12279	27715
4196	19546
6372	21752
3708	18994
6279	21649
12341	27768
8450	23933
5702	21068
2433	17344
7213	22628
426	15381
8965	24483
5595	20950
10011	25467
14855	29836
7048	22454
7426	22869
7399	22842
8668	24153
1637	16594
1649	16605
14591	29562
4430	19770
14394	29341
13067	20217
6417	21802
7896	23382
5175	20532
11759	27220
11218	26641
12194	27632
12488	27917
11881	27338
9190	24680
5818	21185
5070	20434
12543	27974
7757	24960
6159	21526
9060	24567
1213	15055
12869	28258
10199	25637
8666	24151
6377	21757
9358	24766
10653	26107
2420	17331
8344	23823
3620	18904
5418	20773
2713	17587
10541	25977
1709	16683
9499	24980
12836	28238
5134	20492
4489	19831
9147	24642
565	15513
4993	20343
3445	18555
11804	27263
13153	18360
4468	19814
6442	21821
13388	18417
1222	16173
12016	27460
8101	23575
14445	29402
14280	29248
3412	18508
14699	29696
4895	20239
5945	21295
213	15644
7156	22563
3112	17952
9005	24515
10623	26060
14100	29057
8794	24309
4507	19848
2247	17180
217	15176
7948	23429
14191	29166
6919	22318
9582	25054
588	15549
8695	24178
14448	29404
4325	19651
10382	25820
2824	17681
3157	18080
3661	18944
14185	29154
94	15076
2040	16985
236	15192
11153	26571
2502	17413
13915	28862
2623	17506
9303	24791
1108	16061
2729	17604
8253	23730
12238	27676
1803	16755
7150	22557
320	15274
749	15708
13664	28620
6715	22113
10250	25690
10844	26272
1214	15075
13928	28874
6065	21423
2372	17286
5488	20841
11450	26876
8414	23895
14010	28964
11779	27243
10146	25585
9710	25186
11647	27069
5058	20420
14238	29507
3858	29522
14049	29000
5196	20554
12895	17294
3221	18145
406	15360
196	15158
8798	24286
7665	23133
4602	19946
4494	19836
4580	19924
13993	28935
2472	17382
53	25266
8984	24502
12872	28256
6017	21361
4515	19855
13581	28542
12161	27605
3938	19284
6722	22120
861	15818
4103	19446
621	15578
3926	19271
5611	20969
2948	17791
1169	16119
12013	27467
11713	27135
8045	23517
785	15738
3351	18276
8821	24326
12529	27958
9618	25092
6544	21923
13902	28851
10174	25612
11518	26940
10851	26278
6221	21588
5828	21194
3793	19089
14147	29100
8553	24036
13228	23449
6403	21783
4714	20057
12859	18021
5486	20839
1110	16064
8303	23782
2112	17065
11061	26481
13549	28513
6167	16841
5572	20925
5593	20948
5312	20675
2755	18041
3812	19108
12438	27866
8004	23481
4050	19395
4472	19818
9793	25259
2727	17602
1262	16223
6389	21769
7130	22534
12099	21741
4477	19822
8494	23978
3494	18792
3610	18894
4502	19844
13584	28545
11816	27281
12884	28263
4624	20056
2579	17478
7621	23094
8762	24242
4483	19206
3150	18073
6620	22009
3303	28652
3128	18051
3214	18138
3666	18947
2460	17371
13924	28868
11798	17642
1466	16420
8039	23511
5889	21247
82	15059
7953	23437
3959	19306
3565	18855
8839	24343
14275	29243
6674	22072
2077	17550
5090	20452
13866	28819
748	15707
8678	24162
14087	29044
339	17979
11961	27406
7659	23127
823	15778
988	15939
3459	18563
9328	18477
6118	21483
12089	27535
5990	21546
1932	16882
7658	23126
1140	16096
1657	16615
3560	18843
11041	26461
1529	16486
10863	26290
13257	28390
10829	26255
10709	26137
3418	18515
8391	23871
4908	20253
5230	20482
5958	21301
11607	27027
1465	16418
14405	29359
1996	16942
12301	27735
1001	15951
10151	25590
13938	28886
1697	16658
9286	24024
9995	25453
14317	29272
2304	17230
13788	28744
5389	20738
7395	22838
9082	24456
8956	24474
10689	26120
10196	25636
12324	27754
5367	20743
9562	25031
11637	27059
13558	28520
9824	25292
11693	27116
9921	25384
6481	21861
8718	24202
7063	22468
8604	24087
10856	26283
10734	26159
2306	17233
1693	16654
11026	26445
1938	23283
12179	27621
9129	24624
7416	22859
14234	29506
7018	22421
1682	16639
5895	21253
11950	27399
13965	28906
2199	17137
5111	20579
5636	20994
14548	29514
11642	27062
3674	18955
14435	23014
2962	17805
8717	24201
10681	26113
2274	17203
11573	26994
10857	26284
2014	16960
3266	18190
12831	18571
11525	26950
12710	24693
9908	25376
10386	25824
436	15393
12445	27873
11187	26606
14657	29658
8460	23943
8832	24337
430	15386
11832	27295
11754	27214
13008	18628
10026	25482
7014	22415
3562	18852
2800	17666
6175	21541
3637	18923
2861	17707
2616	17010
1054	16006
6082	29031
13759	28716
11184	26603
14115	29336
4712	29147
3229	18196
948	15902
13857	28810
608	15567
2802	17668
12672	28098
10003	16531
6554	21933
6326	21696
2563	17463
7876	23364
14692	29689
10908	26324
7392	22835
174	15135
13736	28691
8515	23999
1248	16198
3790	19086
9934	25394
4853	20194
14995	29984
7617	23077
13763	28720
13973	28911
11289	26709
11943	27393
13514	28485
1860	16812
14873	19721
11333	26749
4772	20106
9348	24833
14928	29911
3946	19293
3552	18860
11919	27479
5774	21147
2983	17827
3820	19118
7898	23384
2309	18459
6398	21778
1821	16776
7294	22732
8687	24171
11433	28965
13074	28340
8641	24127
13462	18397
12645	28062
3218	18142
14060	29141
10819	26244
3145	18067
7335	22780
2606	17501
3395	18312
7509	26253
5894	21252
11896	27346
13710	26059
162	15126
10153	25592
4629	19970
13884	28832
2267	17195
9301	24792
9486	24966
14799	29770
8082	23555
13438	18751
1735	16693
7971	29094
14700	29697
6576	21963
1442	16396
2811	17672
2226	17164
12463	27891
6380	21760
2840	17692
2928	17772
11186	26605
350	15300
526	15474
14303	29264
3677	18957
1257	16207
6252	21612
358	15303
2857	17705
835	15791
13250	18441
1320	16279
4346	19672
3687	18968
34	15025
7136	22541
12616	17229
13587	28548
10738	26163
367	15316
11934	27216
4882	28616
12752	28175
122	15106
14175	29129
8884	24393
140	15114
6038	21386
9419	24897
3627	18618
2336	17255
12457	27885
5673	21038
3205	18127
9110	27610
1577	16539
9800	25281
1727	16685
14806	29777
6897	22295
686	15637
9212	24706
8090	23563
8930	24439
13525	15121
14046	29032
2850	17697
6863	22262
13785	28741
14440	29392
12299	27733
2364	17279
6805	22205
14704	29701
13590	28551
8021	26618
9899	25368
3021	17870
10378	25816
5819	21186
2385	17301
8282	23761
7337	22782
13962	28903
5964	21307
2978	17823
11110	26527
13708	28660
3945	19292
624	15582
13575	28536
14988	29977
12211	28084
11839	27302
8463	23947
3474	18773
9729	20020
6526	21904
1353	16308
12210	28083
4522	19864
4777	20113
1883	16832
4866	20202
6119	21484
14685	29682
1934	20593
6385	21765
10539	25975
11337	26754
12407	27835
4231	19563
5509	20854
2597	17012
4630	19972
5798	21168
8363	23843
13869	28822
12682	28107
1536	16493
858	15815
4879	20221
3241	18164
3062	17905
14370	29313
6376	21756
8588	24071
11365	26784
10989	26405
6571	21955
9443	19912
2992	17835
7681	23150
12702	28128
10415	25853
9191	24682
999	15949
7718	23199
10193	25630
5935	21288
6601	21988
14593	29564
8704	24187
8015	23488
14245	29218
13197	28375
5105	20468
14808	29779
5884	21243
7371	22813
332	23333
7460	22902
9288	24778
14754	29745
2841	17693
4436	19776
12483	27911
12810	28232
242	15198
3671	18952
6057	21412
299	15255
11867	27330
6378	21758
7109	22513
922	15877
1089	16041
10	15002
4473	19819
9818	25285
11372	26791
6961	22361
1451	16405
3050	17893
1861	16813
5928	18632
1685	16642
11924	27377
2415	17326
12065	27511
10828	26252
13879	28829
10599	26035
6899	22298
14172	29126
3887	19227
7538	22984
2573	17473
11851	27324
14598	29571
14554	29520
5078	20441
7181	22595
13773	28730
8766	24257
14543	29501
10402	25840
7128	22532
5299	20657
14113	29070
14925	29909
7990	23472
7567	23017
3606	29444
14367	29310
5253	20609
2032	16978
6323	22412
9855	25324
480	15437
11865	27322
9475	22959
6650	22063
7355	22800
4126	19472
14082	29039
6213	21577
124	15107
11127	26544
14148	29101
6386	21766
9705	25180
2200	17138
8617	24104
13777	28734
2275	17204
1456	16410
7108	22512
13105	18035
14930	29915
13917	28864
11238	26658
8106	23578
14594	29565
10567	26001
1415	16370
8005	23482
5303	20662
13608	28568
10424	25863
12643	28060
13650	28605
818	15773
12805	28227
5789	21159
3796	19094
10763	26191
10502	18416
5592	20947
14002	28961
8457	23940
11588	27008
902	15882
10385	25823
2224	19618
13864	28817
7339	22784
2204	17142
4218	22023
6443	21822
8566	24049
12448	27876
13444	28148
13040	28327
11313	26734
1487	16442
14857	29838
11674	27097
6678	22076
6936	22335
6502	21881
613	15570
10627	26064
5198	20555
14249	29220
5171	20528
6461	21841
9426	24963
190	15152
10396	25834
3312	18072
12326	27756
11412	26835
5118	20583
11247	26667
9004	24514
7291	22726
751	15711
9885	25353
2260	17190
10821	26245
8400	23880
13273	18655
6012	21360
477	15434
10952	26372
13413	21961
6067	21425
8991	24505
9598	25070
14747	29739
7933	23415
9436	24913
10642	26076
9952	25409
11524	26949
7826	23614
7309	22751
13079	28342
7085	22490
11442	26869
5093	20454
11299	26721
10357	25796
5017	20367
5537	20891
6383	21763
2728	17603
9968	25428
3284	18205
13730	28685
7864	23743
7908	23393
14676	29675
8931	24440
1252	16202
2793	17657
12808	28230
6040	21390
13137	18470
6381	21761
2358	28883
3691	18972
3833	19128
13535	28500
14776	29757
6673	22071
8481	23965
2901	17747
11704	27126
9174	24663
9306	24794
14219	29192
13720	28675
7813	23303
13833	18414
9674	25147
12590	28016
5183	17967
6117	21482
2173	17111
6110	21470
9823	25291
3944	19291
3176	18099
12729	28155
4978	20325
10290	25729
11570	26990
4852	20247
8508	23992
13821	28776
5271	20632
1179	16134
456	15413
7228	22646
10883	24848
1245	16194
8266	23745
8093	23567
9718	25193
13294	29492
12980	27163
8065	23539
10592	26017
1818	16771
12591	28017
13303	18455
9744	25220
7330	22778
8895	24402
11024	26443
610	15447
5757	21121
3913	19257
14608	19716
3939	19285
11617	27037
9399	24875
766	19202
4828	20170
4821	20155
136	15112
11022	26441
10230	25670
8699	24182
9141	17129
1247	16196
12368	27794
4033	19377
12420	27834
11248	26674
865	15823
11012	26431
9437	24917
890	15847
12176	27618
12379	27806
4147	19052
3441	18551
12595	28021
13940	28887
12969	24748
14038	28991
7540	22987
1583	16545
9540	29006
11574	26995
9289	24779
12669	28094
9053	24560
9924	27675
6701	22099
3178	18101
3723	18317
2645	17530
734	15693
14071	29021
10284	25724
1297	16255
7360	22805
10903	18621
3835	19130
12317	27750
9848	25316
3972	19319
13131	28354
5792	21161
3976	19634
11641	27061
8412	23894
5552	20908
13370	28439
2494	17405
9334	24820
10596	26033
3305	18223
7877	23365
5667	21034
13671	28627
14823	29798
4310	19638
1043	15996
12937	18363
14488	29439
3196	18119
4641	19978
9566	17014
454	15411
2622	17505
11756	27217
4411	19746
2176	17114
7012	22417
6573	21957
3822	19120
11134	26550
13755	28712
10563	25997
220	15181
1373	16328
8949	24467
6842	22239
296	15252
5231	20588
6960	22360
1398	16355
3343	26522
10096	25535
9026	24457
6917	22316
8347	23826
120	29829
1755	16711
11307	26728
4385	19709
12201	27636
904	15860
7962	23044
2564	17464
13526	28490
11190	26609
14795	29768
12343	27770
8525	24009
1128	16083
4324	19650
5500	20864
3185	18108
11009	26428
14284	29604
9733	20218
4825	20161
7724	23205
3269	18193
14560	29528
11101	26518
2208	17147
394	15340
405	15358
1554	16510
4635	19159
555	15508
14207	29211
6782	22182
7343	22787
199	15161
13186	18321
5533	20887
3668	18949
5278	20638
6783	22183
9740	25217
543	15507
7914	23397
5999	21025
12970	18617
2764	17632
2719	17592
11714	27136
4727	20067
13416	28449
11948	27397
6834	22232
3417	18514
1489	16446
2845	28880
10220	25659
5157	20513
5338	20695
14154	29107
13376	18667
699	15657
5970	21313
1632	16589
1603	16562
11263	26684
623	15581
8612	24098
12755	28178
12108	27552
385	15339
5690	21054
8452	23935
2724	17599
9748	25225
11679	27102
10077	25518
7771	23252
5008	20358
5550	20905
3452	18547
4843	20185
10808	26233
14753	29744
13780	21725
9941	25399
3899	19243
6030	21379
3647	18933
1444	16398
11869	27332
4320	19734
10234	25674
5545	20899
13141	21204
12415	27843
420	15375
573	15526
12250	27686
11736	27196
12773	28197
6929	22330
10764	22604
11292	26712
3815	19111
11316	26857
9242	24733
4634	19974
12225	27657
3415	18511
206	15167
14455	29409
5662	21029
10683	26131
1151	16106
12312	27745
8079	23552
6291	21661
8776	24264
2741	17614
13809	28763
11912	27370
3134	18057
10779	26202
3330	18245
4838	29289
292	15248
7862	25286
7619	23086
13088	18615
1811	16764
9947	25404
6259	21619
931	15770
8455	23938
12871	28254
3355	18263
9205	24695
13043	28329
4297	19627
3589	18880
324	15279
4675	20012
9150	24645
14551	23336
6135	21498
7684	23153
5227	20582
10128	25569
11739	27199
5739	21104
10487	25924
10744	26171
13166	17726
14790	22567
7487	23083
3227	18151
9746	25222
13984	28919
1708	16667
5038	20401
13081	18701
3684	18965
1964	16909
4869	20205
13989	28924
2999	17842
7066	22471
14223	29196
14258	29227
13579	28540
8445	23928
7347	22791
13894	28844
6023	21370
41	15033
10545	25980
12066	27512
2577	17476
8535	24019
6324	21692
14379	29322
3058	17901
453	15396
9405	24883
4723	20064
12402	27829
4829	20171
12469	27897
5941	21332
3591	18882
7461	22903
6771	22170
850	15789
1621	16579
11013	26432
13611	28571
2531	17438
1443	16397
13149	18685
10318	25756
8530	24014
5588	20943
7044	22447
14556	29524
3973	19320
7429	22874
10371	25809
2434	17345
170	15131
10877	26301
798	15751
934	15888
12569	27997
2	15000
1730	16688
10400	25838
14349	29298
13475	18491
2774	17641
3644	18930
9712	25187
12355	27803
1969	23407
3851	19148
6829	22227
9346	24831
9232	24722
6451	21830
5853	18049
11935	27387
1866	16822
4369	19695
11133	26549
6250	21638
5204	20558
3147	18069
14680	29678
1300	16257
7738	23220
2551	22949
5641	21002
14983	29971
9525	25006
7293	22730
13320	21474
8432	23915
8683	24167
2586	17485
10140	19200
5803	24313
11014	26433
1507	16461
97	20630
1272	16236
8820	24325
12950	18640
594	15548
12602	27173
4671	20008
7365	22808
2783	17648
9963	25423
8118	23589
12811	24847
9655	25129
10101	25540
12052	27500
5137	20495
229	15187
531	15479
7793	23274
5934	21287
4871	20207
13151	28930
5643	21004
2428	17339
7032	22435
11251	26671
11025	26444
7316	22760
1561	16517
11479	26904
8853	24360
11650	27072
12302	21177
768	15723
6379	21759
2464	17375
5729	21094
2917	17762
14792	22571
898	15855
3324	18239
3953	19300
9077	24584
14202	29177
2711	17586
10914	26332
14472	29425
12898	28269
9732	25207
1187	16141
10450	25889
8767	24249
8928	24436
12671	28096
12246	27681
7152	22558
4072	19414
9418	24896
8574	24057
12493	22982
12691	28117
2067	24924
13392	18419
973	15925
4769	20103
12026	27470
7762	23242
10942	26362
1891	16844
5730	21095
4493	19835
8512	23996
6236	21600
9468	24952
9876	25344
8652	24138
13259	28391
13744	28700
11476	26901
11494	26920
6226	21594
8376	23856
1568	16525
9014	24525
3500	18796
12142	27588
6906	22305
1633	16590
14484	29434
11846	27309
3935	19281
11398	26819
1655	16612
7552	23004
13754	28711
10572	26007
8625	24112
6139	29733
4057	19402
221	15331
6616	22004
5484	20836
13626	28584
3180	18103
38	15029
1720	16675
12366	27792
7191	22606
5506	20853
7210	22625
11039	26459
4247	19576
13247	18377
13627	28585
7220	22637
3649	18935
6626	22013
696	15655
12045	27495
12482	27910
8165	23646
8605	24088
11747	18609
10831	26286
13361	28432
4555	19898
2940	20390
270	15225
152	15120
13216	18725
318	27956
13503	18694
3024	17866
8670	24155
4936	20286
6725	22124
3535	18833
8123	23597
8967	24485
6770	22169
11546	26965
2045	16989
11252	26672
478	15435
10494	25932
11173	26592
10982	26397
8577	24060
518	15504
1999	16945
4526	19868
4584	19928
14463	29467
11749	27209
2885	17730
4940	20290
8882	24391
6465	21845
3683	18964
3914	19258
7900	23387
9040	24547
9970	25430
9483	24964
4281	16331
1027	15978
4820	20154
10048	25501
4421	19760
3375	18288
1259	16211
10835	26262
8474	23958
11710	27132
1037	15989
2349	17267
409	15364
9254	24745
4285	19604
14109	29066
5901	19162
7947	23428
11538	26958
7995	23475
1618	16576
4970	20316
4431	19771
11138	26554
2973	17817
4485	29120
8111	23582
6041	21389
12974	28297
8164	23643
7655	23123
7524	22965
10033	25488
13478	18760
6826	22224
3505	18801
4920	29491
4136	20021
4814	20107
7546	22998
10945	26365
9143	24638
9641	25120
450	15408
10401	25839
14319	29623
9152	24647
13100	28346
5822	18351
13140	18388
3480	18779
5772	21142
11394	26815
14262	29231
3225	18149
14929	29914
1155	16110
252	15207
8260	18574
4722	20063
735	15694
3199	18122
606	15550
14157	19547
14725	29721
6841	22246
7594	23053
12939	28284
6416	21796
1925	16877
7805	23289
2592	17491
1055	16007
6318	21687
9703	25178
4257	19586
11063	26483
2440	17351
2242	17176
710	15667
6726	22125
7036	22439
2528	17435
7730	23211
6227	21632
2915	17770
2769	17637
1662	16620
6694	22092
5584	20939
3146	18068
8128	23602
1789	16741
7376	22818
13057	20283
804	15757
8304	23783
8348	23828
6256	21616
11984	27447
5010	20360
7120	22524
4317	19646
10861	26289
11047	26467
13679	28634
6216	21575
3675	18954
8002	23487
7969	23452
8273	23752
11523	26947
6799	22199
8010	23485
5246	20602
13252	28387
11344	26761
13942	28889
10731	26164
1886	16835
7434	22878
5600	20955
158	28165
5898	29003
13164	18439
4550	19893
3993	19337
6807	22207
12167	28848
13674	28629
11981	27446
6823	22221
11460	26886
12410	27838
13930	28875
5590	20945
11072	26490
1056	16008
150	26543
784	15737
13954	28936
6676	22074
2475	17385
14325	29277
11760	27221
3477	18776
14327	29278
4347	26243
3787	19083
3948	19295
441	15399
6204	21585
12780	28203
3936	19282
3748	19034
2489	17400
872	15830
9057	24564
7699	23179
14128	19708
8351	23831
5707	21073
3737	19017
8790	24280
3537	27150
10680	19492
12251	27688
6993	22392
12892	28265
9184	24675
3645	18931
7473	22915
2477	17387
4972	20319
2694	17571
12212	27644
2365	17280
9504	24985
4889	20232
8675	24160
807	15760
2759	17627
9850	25320
5843	21210
8725	24210
6830	22228
6890	22288
7710	23190
7830	23306
11079	26497
14771	29758
5567	20921
2282	17211
9742	25219
12456	27884
9991	29925
1826	17995
12648	28064
6414	21794
7090	22509
6393	21773
11342	26759
2775	17643
8301	23780
5788	21158
4174	19521
6054	21409
563	15509
13224	26254
13277	28399
7310	22752
3848	19145
9227	24716
6072	21430
12614	28034
4855	20223
11461	26906
6074	18626
6915	22314
2487	17398
6704	22102
3964	19311
14582	29551
2401	27598
12793	28216
10870	26297
3078	29295
8496	23980
12587	28012
10509	25945
65	15053
5302	20661
2599	17016
11622	27042
4407	19741
3940	19286
10121	25562
7554	22990
6288	18987
11703	23653
7153	22560
3031	17873
2007	16952
9171	24662
10922	26339
11137	26553
4969	20315
8716	24200
2073	24102
3338	18253
9884	25352
9755	25236
11772	27236
4400	19729
4531	19874
7821	23299
13050	28332
14766	29753
1228	16178
6740	22139
7206	22621
219	15177
2610	17049
12617	27179
3377	18290
3378	18291
4801	20137
2266	17194
13551	28515
11928	27381
5242	20598
8071	23545
4514	19980
3387	18300
11829	27292
7175	22590
12431	27859
695	15654
8555	24038
10701	21404
8184	23665
6739	22138
13981	28916
7105	22492
9551	25027
14250	29221
7717	23198
6170	21536
6985	22413
5626	20984
10512	25948
9197	16774
6516	21894
4837	20179
1801	16753
2886	18364
7143	22548
14182	29446
9465	24949
4270	19588
14952	29943
14729	29723
1279	29936
9751	25232
3326	18241
8306	23785
14396	29343
10841	26269
14439	29391
12915	18340
6881	22279
13011	29161
9592	25064
119	23174
10971	26390
10589	26024
8417	23899
6351	21719
4658	19995
7741	23223
1798	16750
14509	29469
2855	17702
3084	17924
344	15294
9312	24800
780	15731
11021	26440
7338	22783
8406	23897
7449	22892
10750	26176
12414	27842
5582	20937
7178	22593
11825	27289
776	15735
9181	24672
5742	21107
10730	26167
12531	27961
1785	16737
11469	26894
952	26935
3044	17886
5574	20927
14040	28993
13878	28828
5519	20874
8735	24220
3016	17859
4859	20195
10133	25573
9159	24653
4236	25293
5323	20680
12792	28215
10601	22456
9463	24947
3746	19032
7501	22936
168	15129
10577	26011
617	15574
8599	24083
1448	16402
14814	29789
6900	22299
8810	24312
11958	27405
1411	16366
14107	29064
14573	29542
6558	21937
4458	19803
9195	24687
109	15095
9292	24782
10713	26141
14094	29051
1316	16797
12819	18565
4565	19908
14611	29584
7909	22958
12386	27813
14655	29655
12585	28011
1669	16628
8361	23841
12857	16275
9251	24744
13521	28487
9945	25402
440	15398
1220	16171
8575	24058
6613	22003
14708	29704
12157	27651
6556	21935
6359	21739
6391	21770
9374	24855
12164	27608
10485	25922
6090	21456
11107	26611
14136	29351
8634	24120
11105	26523
3861	19157
5866	21223
1574	16532
6608	21996
3329	18244
12025	27469
14561	29529
5405	20760
2726	17601
7145	22551
2680	17559
14650	29650
8888	24395
12610	28029
6977	22377
4965	20311
13706	28661
4904	20245
10131	25572
10846	26264
4039	19384
10260	25701
3965	19312
3321	18237
6251	21611
13554	28518
11163	26581
13401	18043
892	15849
11582	27002
9280	24772
9613	25086
6653	22052
12847	28242
12397	27824
1452	16406
2252	17185
9461	24945
3282	18203
7445	22886
10833	26929
8292	23771
14098	29055
4227	19559
2513	17423
1905	16857
8185	23666
13362	28433
8141	23617
9557	25033
6856	22254
6587	21974
12818	15050
10299	25740
3852	19149
5610	20968
7510	22945
10168	25607
5936	21289
3009	17852
470	15428
11399	26820
13732	28687
12557	27986
3794	19090
6172	21538
8120	23591
4868	20204
7901	23388
8580	24063
2184	17143
1207	16162
4755	20159
7196	22611
113	19725
12024	27466
1406	16361
6654	22053
4612	19954
12293	27727
91	15072
7214	22630
12206	27642
7313	22755
5182	20541
2377	17292
10960	26382
8173	23654
2281	17210
5208	20562
7885	23373
14018	28972
11060	26480
1809	16762
907	25943
7423	22866
7590	23049
4626	19967
3768	19063
6	29991
2414	17325
11268	26689
13292	28407
7141	22546
3880	19223
9835	25304
677	15630
2471	17381
13699	28651
10049	18712
12734	28160
3345	18301
14923	29907
2590	17489
12848	16553
14134	29349
2335	17254
10804	26229
9709	25185
14892	29878
6294	21664
395	15349
4760	20091
8398	23878
5535	20889
7887	26458
11678	27101
14471	21061
6487	21867
4060	19404
10548	25983
9168	24659
10472	25911
12941	28286
13685	28637
373	15323
11320	26739
2715	17588
11575	26998
1813	16766
3233	18156
11536	27227
5503	20851
5219	20573
10445	25884
7068	22473
9522	25003
8279	23758
11468	26893
3360	18267
11856	27318
11995	27438
12374	27800
2046	16990
1731	16689
12967	28294
4549	19892
3318	21960
7051	22458
634	15591
12276	27712
5210	20565
7767	23246
10770	26197
11120	26537
9011	24510
5495	20846
4056	19401
12304	27740
682	15633
13823	28778
1271	16233
6670	22068
14550	29516
14609	29582
153	29445
12891	18464
8517	24001
12795	28218
8593	24077
13421	28452
13282	28400
8915	24422
8041	23513
3287	18208
3770	19065
7913	23408
12432	27860
7272	26085
11877	27335
6833	22231
1158	16111
4893	20237
14178	29131
14342	29077
13827	28782
5445	20799
12004	27450
1235	16184
9481	22994
1756	16712
1258	16210
160	15125
6133	29867
5391	20744
3561	18845
3036	17878
12509	27929
8202	23683
14239	29214
1832	16785
8818	24323
2060	17004
12559	27988
7002	22401
11644	27066
11338	26756
3635	18921
13947	28893
9753	25234
12893	28266
2548	17450
2201	17139
14784	29766
6559	21938
14267	29236
5409	20765
8825	24329
13150	28362
9750	25237
14623	29599
13602	28562
4554	19897
6239	21603
5899	21254
11979	27401
9802	25269
5665	21033
4000	19344
5504	20867
13179	28368
9685	25167
1425	16380
3830	19126
11416	26839
5133	20830
13223	28928
4014	19359
14840	29821
13666	28622
7752	23234
14184	29149
4997	20347
4899	20241
343	15293
12572	28000
7201	21510
6827	22225
10139	25579
9632	25106
10904	26320
1163	16143
11178	26583
10341	25779
12754	28177
4428	19768
10788	26211
2667	17548
9246	24737
2345	17263
11327	26744
10936	26356
13543	28505
4159	19506
8713	24197
7986	23468
11481	26907
4509	19850
8638	24125
2817	17675
4486	19182
7890	23376
10886	26308
14981	29969
5688	21052
14214	29186
11477	26902
4726	18753
4860	20196
3507	18803
3353	18274
3337	18252
10020	25477
542	15487
1511	16467
10355	25794
729	15688
10158	25597
7176	22591
3250	18174
5287	20646
14782	22521
2137	17083
1623	16581
13192	17990
3280	19800
419	15374
2257	22759
275	15231
9331	24818
4596	19941
7000	22400
9262	20876
8401	23881
11899	27358
2589	17488
11552	26973
1018	15967
8756	24241
14	15006
9861	25330
10956	26377
6876	22274
11871	27315
14547	29513
6105	21464
14734	29728
11716	27138
6303	21672
11887	27344
2431	17342
14276	29244
1346	16302
1160	16142
13323	18024
14102	29059
9091	24590
8435	23918
2602	17498
13643	28598
5810	21178
5646	21007
2010	16955
165	19203
11818	27282
11623	27043
13354	18402
10549	25984
12914	19169
246	15202
9456	24940
1479	16435
4858	20229
10346	25785
7385	22828
6614	22006
12838	28240
2088	17044
5760	21124
14190	29165
5348	20705
4021	19365
2828	17683
2493	17404
8385	23865
12663	28085
4811	20146
9155	18025
4361	19685
12125	27573
2476	17386
12515	18232
584	15540
8203	23684
3358	18275
6121	21486
3805	16221
14935	29919
12018	27164
11947	27396
3489	18787
3320	18236
2971	17815
14588	29558
2773	23092
4168	19515
4742	20163
3047	17890
13284	28401
3392	18307
14601	29574
13103	18720
13477	18686
1547	16274
5686	21049
9336	24822
8068	23542
12049	27498
6692	22090
12310	27743
12112	27558
12155	27600
4831	20173
2767	17635
14987	29976
5481	20833
8287	23766
11326	26743
11267	26688
11323	26740
6656	22055
2421	17332
5976	21319
12038	27486
11999	27443
12107	27551
1041	15994
8278	23757
11709	27131
2389	18325
12725	28150
4308	19635
4610	19952
5169	20526
6131	21496
9263	24754
3860	19156
10429	25867
9531	25111
13095	18466
10476	25914
6070	19467
2435	17346
4200	17731
14401	29354
6201	21582
11776	27240
3548	18844
8189	23669
11317	26735
714	15671
5917	21271
14270	29238
5403	20757
6531	21908
6305	21674
9213	24298
3877	19632
14621	29597
7666	23136
3735	19015
6768	22167
12033	27476
1570	16527
5548	20903
7389	22832
6634	22036
6011	21358
10766	26193
12424	27853
1758	16714
13742	28698
1291	16250
3323	18238
13683	28105
10057	25510
12077	27523
13396	28444
13403	28446
12949	18412
3994	19859
6192	21559
12528	27957
14731	29725
14374	29317
1339	16296
14737	29731
10676	27685
12655	28072
14816	29791
10580	26014
3100	17941
5285	20644
10377	25815
11176	26596
13441	18413
11873	27334
7097	22503
619	15576
7836	23314
6149	21513
12803	28225
11543	26963
11488	26914
5153	20509
1261	16212
8537	24021
8958	24369
10554	25989
13069	18428
3551	18857
8896	24403
1412	16367
7949	23431
13346	24918
901	15857
1696	16657
1087	16039
14841	29823
12864	28251
12649	28065
595	15563
7290	22725
8074	23548
11359	26777
4780	20116
3405	18503
13861	28815
3934	19280
5375	20725
1073	16025
11568	26986
9938	25396
10416	25854
12011	27456
6645	22045
209	15171
2091	17048
12513	27942
10352	25791
8395	23875
7910	16542
846	15813
9002	24513
5927	21644
4365	27692
2343	17261
10948	26368
8846	24352
14117	29337
13968	18367
7934	23416
9404	24882
7600	23059
7605	23064
9897	25365
10172	25610
3390	18305
12283	27716
494	15452
13635	28590
10303	25736
12048	27497
13686	28638
3839	19135
4921	20264
3921	19266
9607	25080
6424	21803
7312	22754
13195	28373
10946	26366
2823	17680
389	15348
1314	16271
10216	25656
9302	20180
14915	29903
9008	24518
9502	24983
13144	28359
8837	24340
3883	19226
5466	20818
11844	27306
1416	16371
9523	25004
11683	27106
1494	16451
6439	21818
11374	26793
7851	23342
7101	22507
4807	20142
11782	27246
10246	25685
4476	19820
8176	23657
3296	18217
3963	19310
14076	29029
11580	27081
12927	28282
7929	18487
3690	18971
8786	24276
3037	17879
14188	29163
721	15681
10586	26021
4770	20104
14948	29933
2980	17824
12459	27887
4608	19950
8691	24175
10954	26375
12700	28126
7889	23375
7957	23441
4713	20055
5435	20789
1355	16311
9441	24928
1481	16436
13408	28447
2081	17026
13886	20872
11330	26746
730	15689
3476	18775
7328	22776
7865	23354
8036	23508
580	15533
1713	16671
2296	17011
9116	24612
10277	25717
13279	18386
8105	24092
8870	24379
5602	20957
7883	23371
1604	18407
13393	19336
3181	18104
5071	20443
144	15116
8390	23870
10264	25705
8197	23678
14523	27696
11179	26598
6412	21792
12654	28071
9427	24904
10452	25891
1500	16463
14338	29073
14831	29808
1524	16481
3471	18770
1435	16390
4237	19567
14565	29533
2842	17694
825	15780
13882	21043
5781	21152
10980	26395
9829	25298
5442	20795
1122	16077
12852	16160
5248	20604
8386	23866
7745	23227
1974	16920
365	15315
490	15449
7689	25214
7234	22657
11831	27294
5004	20354
6668	22066
8971	24489
14290	29253
473	15430
5580	20935
12776	28199
424	15378
13368	28437
5808	21176
9065	24572
9734	25208
2562	17462
13055	23081
9421	24900
13472	18746
2797	17661
4435	19775
3597	18888
8110	26258
8492	23976
11265	26686
12398	27825
2789	17653
11049	26469
5191	20549
4810	20145
5037	20400
13515	18457
10403	25841
9602	25074
523	15520
9526	15746
6772	22171
9833	25302
5294	20649
7609	23068
7781	23262
5244	20600
6988	22387
1324	16282
14065	20273
14682	18313
12693	28119
14346	29292
2619	25271
10639	26073
5831	21197
8770	24258
10986	26402
611	15568
14835	29812
11496	26921
9079	24455
14638	29634
10212	25651
9596	25068
11886	27343
12137	27584
1692	16649
14906	29893
8181	23662
8147	23625
7080	22484
8838	24341
13231	18045
1299	16256
12742	28170
7187	22601
11099	26516
12346	27774
3169	18092
7535	22974
8040	23512
3814	19110
9479	28668
11757	27218
8059	23530
9915	21728
7022	22425
6758	22158
14769	29755
8763	24251
691	15650
3122	17962
11788	27251
14037	28990
9327	24815
1215	16166
6962	22362
9927	25387
8216	23694
6361	21740
7743	23225
13209	28379
5514	20858
333	15285
838	15804
14019	28973
3119	17959
2080	17025
7179	17496
3195	18118
9061	24568
13832	28787
1312	16268
7065	22470
997	15947
5591	20946
9319	24806
10640	26074
7656	23124
5954	17419
6101	21460
10137	25578
950	21401
11989	27431
10667	26100
12023	27464
13422	28453
4246	20391
12486	27915
13714	28669
10420	25859
8499	23983
2022	16968
5940	16035
790	15743
13467	28465
6467	21847
4243	19571
3451	18546
14552	29518
7974	23456
8560	24043
8867	24376
2810	17671
13576	28537
3277	28112
10488	25925
2374	17288
2497	17408
13256	28389
3807	19104
14399	29355
12607	28028
12521	27949
14420	29373
5443	20797
12097	29071
3966	19313
4664	20001
10117	25558
13863	28816
8890	24397
13145	21022
5492	20845
7586	23045
717	15674
12252	27690
245	15201
14048	28999
5747	21112
8263	23741
4964	20310
3657	18940
6744	22143
10793	26218
10931	26349
3630	18916
4748	20080
7735	23217
6652	22051
3192	18115
4691	20036
6757	22156
672	15627
13017	18747
12103	27547
10070	25513
9406	24880
1519	16475
6049	21396
1350	16305
13746	28703
5467	20819
2221	17159
267	15222
14640	29639
10078	25519
5221	20575
9649	24922
1092	16043
13471	25034
919	15874
923	15878
11888	27352
8507	23991
11605	27025
12307	27739
3473	18772
7472	22914
11667	27091
12335	18426
9727	25204
1956	16899
7003	22403
14522	29475
12538	27968
1434	27171
10974	18573
8081	23554
7880	23368
12080	27526
12069	27515
11391	26812
1822	16777
2427	17338
11131	26547
3365	19027
6152	21516
1166	16115
7091	22496
7348	22792
224	26380
11916	27374
197	15159
2397	17310
10739	26165
2892	17737
225	15337
7406	22849
9925	25385
9575	25046
924	15879
10014	25471
9553	25029
2188	17126
3920	19265
14902	29889
6218	21578
2522	17431
14059	28962
3076	17919
4524	19866
13135	28355
14116	29080
9400	24877
14407	29361
10009	25465
9819	25287
9926	25386
10668	26101
156	19180
5195	20553
4448	19788
4813	20148
13387	27191
4503	29801
4456	19801
6996	22395
7673	23142
3706	18992
5108	20470
7253	22674
2650	17535
2388	17304
5992	21552
13533	28498
3585	24302
3905	19249
12270	27708
13743	28699
5362	20715
11310	26717
8538	24022
100	15083
14237	29502
3443	18553
3897	19241
1624	16582
690	15649
12854	18598
9951	25408
7391	22834
652	15604
12094	18064
11046	26466
3832	19127
6495	21873
4263	19636
13860	28814
9068	24575
4594	19939
12138	27585
13999	28957
9681	25154
803	15756
5501	20219
8009	23484
11111	26528
14706	29703
9228	24717
5265	20623
458	15416
12371	27797
969	15922
7384	22826
5116	20479
13836	28790
9776	23170
3152	18075
1068	16020
11764	27229
1639	16596
6421	21800
10253	25693
10408	25846
11208	26630
8916	24423
12746	18575
10490	25929
13222	18475
11905	27363
779	15732
11833	27296
2272	17201
1526	16483
7737	23219
8154	23632
3243	18166
10858	26285
14142	29347
7323	22769
14192	29167
5119	20481
530	15619
378	15327
11116	26533
5663	21030
7059	22464
4700	20045
13837	28791
2930	17774
14013	28967
6203	21584
13775	28732
10475	19170
141	29027
5555	20910
8239	23716
12683	28108
9157	24651
14524	29476
9723	25200
2315	17239
10061	29788
8621	24108
12429	27991
5433	29865
4188	19536
7860	23351
12319	27752
4019	19363
13498	28482
11587	27007
13638	28593
9782	25252
8465	23949
9210	24699
31	15023
7905	18026
2786	17651
9760	25229
1205	16159
4881	20222
752	15712
12579	29494
9696	25163
1910	16862
3159	18082
550	15497
2172	15415
8204	24253
2235	17169
1852	16804
11914	27372
14636	29632
1763	16717
9532	25112
4786	20122
14872	29853
1579	16541
9088	24587
3670	18951
9930	25390
1562	16519
13921	26016
2408	17319
2425	17336
7721	23202
7670	23140
5782	21279
9248	24740
14135	29092
6137	21501
11589	27009
3347	18265
11553	19212
3208	18130
9815	22008
631	15588
5084	20448
1085	16037
8817	24322
6786	22186
8172	23652
7245	22665
4207	18446
6311	21679
11293	26713
10696	26126
9413	24890
5715	21081
1326	16284
9434	24911
8871	24380
9647	25124
11306	26727
1275	16239
14108	29065
6819	22217
10864	26291
6669	22067
13287	28404
6661	22060
9100	24598
5232	20589
12825	16948
11940	27392
13843	29854
13949	28895
10845	26273
13846	28797
14423	29376
6449	21828
10551	18750
3570	16611
7875	23363
11670	27094
12256	27694
10413	25852
3155	18078
4627	19968
762	19796
10775	21044
9998	25455
11096	26513
11123	26593
7411	22854
5292	20653
7647	23114
685	15636
3434	18535
3207	18129
8759	24256
9856	25325
8594	24078
2882	20269
177	15138
13838	28792
4595	19940
8232	23712
9282	24774
5518	20849
1330	23176
2064	17494
12704	28130
13280	24929
3042	17884
11800	20397
14269	25721
4729	20068
11685	27109
3094	17934
14817	29792
11697	27121
13476	28470
3497	18793
11618	27038
8727	24212
13841	28795
10384	25822
7646	23113
5542	20896
2085	17033
3532	18829
7979	23462
13356	18427
11986	27428
27	18759
9127	24622
14520	29473
3669	18950
12680	19696
8657	24142
7219	22636
4293	17197
2757	17625
13934	28869
4639	19976
5080	20444
1988	16934
10985	26400
7020	22423
9581	25053
11597	27018
4872	20208
9767	25228
5615	20973
1595	19799
548	15490
12064	27510
1771	16726
4711	20054
13169	18633
658	15612
7638	23106
1831	16784
10810	26234
2906	17751
7705	23185
218	15175
985	15936
14501	29465
7084	22488
2053	16996
14653	29653
11967	27415
125	19195
32	15024
4073	19415
869	15827
6609	21997
3695	18979
6186	21554
1764	16719
14596	29569
9669	25142
5081	20445
9706	25181
443	15401
3800	19099
12678	17728
14112	29069
13168	21407
5637	20995
4590	19935
1342	16298
581	15534
5177	20534
9577	25047
2546	17448
8754	24239
2432	17343
10634	26070
4625	29442
1348	16304
14919	19109
8532	24016
4863	20199
5847	21212
1004	15954
3747	19033
5687	21051
2178	17116
4286	19605
13881	18614
6590	21977
13964	28901
2652	17537
6714	22112
11094	26511
272	15227
10591	26026
12041	27491
14940	29924
9878	25346
6257	21617
11328	26745
3290	18212
2290	17218
14536	27274
4140	19490
9626	25100
1810	16763
8645	24131
9838	25306
7198	22613
8807	24295
9471	24955
11717	27139
11920	27482
11287	17566
9743	18372
14165	29118
2147	17595
14216	29188
12829	26621
4272	19590
8462	23946
13234	21442
10633	20978
14665	29665
12047	27954
10423	25862
317	15271
5290	20650
8589	24073
4362	19686
9837	25305
2033	16979
3985	19328
13357	18666
5142	20501
7167	22583
12123	27569
4948	18331
7565	23012
2376	17290
3374	18287
12073	27519
14714	29710
12758	28182
14970	29960
5571	20928
6420	21799
7468	22910
5275	20635
2166	17104
9031	24539
2535	16938
14527	29479
1917	16869
58	15048
5385	20734
2323	17245
3954	19301
657	15611
10455	25894
13565	28525
9691	25156
847	15796
13582	28543
12713	28136
9959	25417
4949	20297
559	15521
8231	23711
9983	25440
13980	28915
8601	24085
10367	25805
6787	22187
9313	24801
1116	16069
4952	20299
4295	19622
6994	22393
4510	19851
3216	18140
4326	19652
14910	29898
4906	20249
12964	18650
5719	21084
9017	24528
11938	18693
9161	24654
5439	27065
1788	16740
11451	26879
14380	29323
8746	24232
7712	23192
6490	21878
6453	21832
13675	28630
2733	17606
9867	25334
11797	23615
4783	20119
380	15329
4311	20594
8622	24109
7077	22482
12976	18020
3294	18216
14330	29281
5666	21032
8611	24097
2127	22684
8250	23726
10765	26192
238	15194
8387	23867
8142	24901
2446	17357
12953	28290
6727	22126
11470	26895
7427	22870
12681	28104
9494	24975
13328	26351
8286	23765
3879	19222
5814	21181
13484	28474
2392	17306
9284	24776
12731	28157
2566	17466
994	15944
13808	28762
6446	21825
11985	18434
9985	25449
13036	21694
5257	20613
1553	16509
14804	29775
4341	25419
2303	17228
2611	17050
11735	27195
8562	24045
8384	23864
9249	24742
7640	18432
321	15275
11808	27267
6896	22294
11699	26988
12588	28013
5062	20424
3440	18550
10114	25555
7053	22460
14826	29803
6499	21877
3389	18304
2234	17168
87	15064
13369	28438
659	15613
607	15566
1827	22664
7831	23307
876	15786
6014	21375
10510	25946
9808	25276
13652	28607
2849	17696
9920	19185
1384	19599
791	15744
6005	21351
7244	22663
12027	25961
5109	20471
3466	18765
11003	26418
7855	23346
12966	26850
12172	27614
4098	19441
11413	26836
12118	27564
2691	17569
13957	28939
447	15405
11356	26774
9220	19662
316	23733
14926	19290
9046	24553
5644	21005
10902	26319
2387	17303
7634	23102
11746	27206
8814	24319
14972	29962
1400	16357
3364	18280
14096	29053
1698	16660
10144	25583
3388	18302
6717	22115
3751	19040
8064	23538
7787	23268
6907	22306
13264	21376
6092	21451
3460	18564
8741	24226
9305	24793
4963	20309
9880	25348
5995	21286
14825	29802
432	15389
13018	28313
14221	29194
6867	22266
11211	26633
1392	16349
9097	24595
7322	22768
2778	17646
6209	19482
6032	21381
6933	22320
2158	17096
11895	27355
9773	25246
12638	28056
4259	16309
2384	17299
5138	20496
11341	26758
7522	22963
12419	27849
11008	26424
14939	29923
2347	17266
5112	20474
5353	20702
1282	29939
7387	22830
6345	21713
14152	29105
11270	26691
5306	20665
8048	23519
9035	24542
8272	23751
12522	27950
6182	21548
6330	21699
14292	29254
9462	24946
11031	26450
3771	19066
5735	21100
4506	19847
4061	29912
1584	16546
10515	25953
26	15018
6433	21813
3602	18893
13066	28337
13822	28777
12574	28003
4054	19399
4370	19697
10834	26261
3631	18917
495	15498
12160	27603
7686	23155
294	15250
288	15244
1493	16450
11319	26738
14073	29024
9134	24630
6120	21485
13705	28659
3260	18184
9801	25268
11454	26878
5255	20611
6952	22350
7769	23250
111	15099
6316	21685
2905	17750
6462	21842
368	15317
3559	18848
10564	25998
1204	16158
4741	20074
2107	17563
13969	21408
12132	15030
8951	24469
4884	20227
1206	16161
14133	29346
12320	18597
2569	17469
8018	23491
14164	29117
6368	21748
7107	22511
915	15870
13184	28370
6255	21615
14980	29968
11933	27386
9505	24986
9480	24962
984	15935
4621	19964
11355	26773
9994	25452
13738	28693
12961	28293
5361	20714
1404	16359
8382	23862
13487	28475
281	15237
6561	21940
14025	28979
4650	23681
8511	23995
10959	26381
5516	28905
10855	26282
1943	16890
3901	19245
561	15510
11401	26822
8073	23547
8758	24255
3316	18233
4360	27581
13893	28841
774	15729
13190	18646
11696	27120
5983	21325
12444	27872
14105	29062
1210	17977
1772	16727
10467	25906
5826	21191
1295	16253
1486	16441
8220	23699
2422	17333
5979	21321
6225	21592
2991	17786
4743	20075
5657	22980
1977	16923
5106	20469
7625	23096
13276	28398
5480	20832
2470	17380
5575	20866
5943	21021
5151	20507
11508	26948
12877	18576
6866	22265
3048	17891
8500	23984
4002	19346
14998	29987
7707	23187
927	15881
1865	16821
2366	19620
3611	18895
1972	16918
8892	24399
7744	23226
4127	19473
11611	27031
3556	18851
3110	17950
6134	21497
1543	16499
10646	26080
13272	28397
7691	23161
80	15057
14391	29339
388	15343
2827	29143
8732	24217
14726	21945
3898	19242
10007	25463
6778	22177
4645	19981
1992	19150
5867	21225
7679	23148
9124	24619
14285	29606
3115	17955
6080	21436
13004	20022
12012	27457
286	15242
1873	16816
3917	19262
1133	16089
12224	27656
5829	21196
12935	16995
12783	28206
4282	16344
10881	26305
4668	20005
14722	29719
10375	25813
3401	18499
2785	17650
1397	16354
10045	25498
7845	23337
9567	25039
2498	17409
3581	18873
14950	29941
6273	21630
2072	17043
8894	24401
8473	23957
1611	16569
2005	16951
6746	22145
188	15150
6097	21457
12344	27771
12031	27474
6582	21969
11691	27115
13188	23107
11778	27242
5950	21298
1042	15995
12009	27454
2156	17094
1776	16729
5167	20522
5447	20801
2746	17618
13914	18664
6306	21675
4763	20095
14400	29356
5875	21234
452	15410
13291	28406
7379	22821
13293	28408
12520	27947
3682	18963
13479	18689
9243	24734
9028	24536
6009	21356
14412	29385
13215	28381
8153	23631
8099	23573
4358	27156
6743	22142
2732	17605
4162	19509
10152	25591
5576	16220
5659	21019
8961	24478
1627	16585
302	15258
1371	18734
13463	16503
14770	29756
10968	26387
1593	22969
13176	28367
9932	25392
5258	20615
5836	21202
12062	27508
7697	23166
7614	23072
241	15197
4638	18314
278	15234
3759	19054
1076	16028
14373	29316
12053	27501
4051	19396
10175	25613
8623	24110
9507	24988
10135	25576
13625	28580
5726	21091
1393	16350
2037	19615
6513	21891
1838	16791
6854	22252
10241	25681
8322	23801
3293	18215
11064	26484
10544	23644
13039	18330
13116	20929
6775	22174
11629	27050
10928	26346
3045	17888
8034	23506
7533	23090
13542	28506
6684	22082
13243	18373
5168	20525
10614	26049
10259	25700
6205	21586
154	19178
7493	22931
4112	19456
10059	16773
12133	27579
6969	22369
14869	29850
9440	24927
7121	22525
5054	28106
10725	26153
1990	16936
11652	27074
1850	17507
10503	25939
11837	27300
8429	23912
5319	20678
11382	26801
1172	16122
3951	19298
9397	24873
5185	20542
14942	29927
10682	26114
12901	28271
12316	27749
2002	16958
306	15262
4865	20201
5187	20544
5408	20764
283	15239
1458	16412
6095	21454
14773	29760
8210	23689
10949	26369
4170	19517
13220	22696
9384	24865
4266	19670
10030	21962
8659	24144
13966	28907
14384	29328
2956	17799
1377	16333
2375	17289
5981	21323
5982	21324
10749	26180
11395	26816
4469	19815
7882	23370
1666	16624
9367	24849
3543	18838
12492	27921
2923	17813
14553	29519
4215	22031
666	15623
1506	16460
13306	18622
7374	22816
3313	18229
10184	25622
11729	27190
9395	24871
3212	18136
11213	15079
663	15617
2357	17273
13986	28921
7174	22589
9347	24832
1196	16150
5887	21333
4118	19462
4707	20046
13198	19217
12748	28172
14713	29709
8559	24042
5581	20936
8252	23729
10238	25678
1585	29150
9796	25261
2659	17042
6882	22280
5539	20893
9520	25001
5009	20359
8443	23926
9133	24628
1231	16181
10996	26413
1523	16480
4704	20048
12490	27919
12030	27473
7350	24765
12904	18028
3621	18903
6643	22043
6088	21447
169	15130
13014	28312
6219	21579
5786	21156
4967	20313
851	15800
3502	18798
11007	26423
2344	17262
8221	23700
10675	26119
3291	18213
6592	21979
4753	20085
8644	24130
12998	18684
839	15793
12865	18544
8982	24501
11425	26849
10918	26336
3426	18528
4335	19660
14079	29037
14750	29783
1701	16662
5136	20494
7243	22662
6835	22233
5288	21727
465	15423
13420	28451
11403	26824
4696	16013
9836	29294
11610	27030
10069	29487
11726	27187
4739	20168
10568	26004
3447	18540
7060	22467
13211	17983
2258	17188
6506	21885
6629	22016
9937	19208
2217	17156
13561	28522
11579	27000
12774	28927
247	15203
14772	29759
9446	24931
13005	18256
6099	21459
6476	21856
12657	28075
7215	22631
7842	23322
13961	28902
5140	20499
12660	28078
6161	21528
11956	27403
11253	26673
2796	17660
6604	21991
6224	21591
12581	21063
7016	22419
488	15446
7541	22988
3909	19253
10236	25676
5095	20456
13147	28361
13508	18450
764	18336
14007	28951
479	15436
11628	27049
8359	23839
8486	23970
7485	26088
11393	26814
13163	18438
1156	16131
12220	27652
8910	24417
8476	23960
11753	27213
7790	23271
7382	22824
8161	23638
4798	20134
951	19339
14966	29956
6231	21597
8693	24176
10389	25827
10430	25868
8771	24259
805	15758
13379	18013
5417	20772
9464	24948
12993	28307
14036	18599
9785	25254
13524	28489
6606	21994
10397	25835
4036	19381
6785	22185
8256	23735
2485	17396
10574	26009
7989	23471
4077	19419
5267	20625
8578	24061
4375	28697
8428	23911
1723	16677
9257	24749
14183	29135
9725	25202
7422	22865
3270	18194
7325	22772
10179	25617
14173	29127
11147	26565
10720	26148
10888	18988
2371	17285
3332	18247
9590	25062
13339	28424
8772	24260
12339	27767
6021	21368
2985	17829
10034	25050
10443	25882
4258	25446
6968	22368
10297	25737
13967	28908
8404	23884
843	15802
7742	23224
3590	18881
7017	22420
10232	25672
6388	21768
2596	17036
10379	25817
14530	29448
944	15898
3739	19020
3664	18945
7637	23105
3672	27161
8826	24330
12242	27680
632	15589
857	15814
14649	29649
1836	16789
11396	26817
7305	22747
5714	21079
1901	16853
1022	15971
4253	17968
13539	27477
8561	24044
7431	22875
14890	29877
8860	24367
4148	19495
9330	24817
2705	17581
9107	24605
13985	28920
7827	23308
4484	19171
1265	16225
6625	22012
10569	26002
9451	24935
12992	18485
5654	21015
13482	28472
8339	23818
7592	23051
7648	23115
3478	18777
8865	24437
212	25215
13098	28345
10906	26321
6048	21393
8050	23521
8615	24101
3090	17930
7333	22744
7013	22414
13922	28870
1113	16067
4312	20631
3694	18978
11814	27278
13452	18595
8749	24234
6366	21746
8126	23600
5296	20655
14583	29552
8750	24235
1021	15969
2982	17826
3688	18969
9425	24956
8135	23609
14257	29226
4419	19758
11897	27356
592	15543
3132	18055
9671	25144
11855	27323
2770	17638
7172	22587
4790	20126
4467	19813
5422	20779
7916	23399
2009	16954
301	15257
10629	26066
14710	29706
11941	27147
12762	28185
4674	20011
1688	16645
1107	16060
8942	24460
13024	28319
13556	20393
4685	27960
131	19188
2295	17222
44	15036
14160	29113
6773	22172
5956	21334
13906	28855
4557	19900
2237	17171
1790	16747
2239	17173
2558	18641
14712	29708
7366	22809
2116	18046
908	15863
11576	26996
71	15070
7819	23298
14424	29378
4068	19410
11071	26489
14016	28970
8509	23993
6493	21872
5368	20718
2547	17449
7519	22954
9822	25290
11923	27378
848	15801
8440	23923
868	15826
11078	26496
3654	19209
678	15631
8459	23942
8988	19659
9253	23335
4676	20013
193	15156
2813	17673
5088	20450
10874	25960
8783	24273
10481	25918
10999	26415
14306	29267
4440	19781
3410	25781
10383	25821
13700	28654
13716	28671
14673	29672
14513	29471
1209	16164
4734	20072
4962	20308
5598	20953
1463	16555
12779	28202
7321	22767
14206	29181
10268	25715
11917	27375
12489	27918
4966	20312
5372	20722
13235	24919
14174	29128
7981	23463
7067	22472
1432	16388
2544	19870
6551	21930
12399	27826
1293	16251
1474	16428
4885	20235
4534	19878
3235	18158
12115	27561
13240	18347
13314	18008
10391	25830
10364	25802
5000	20350
6304	21673
5272	22698
7661	23129
203	15179
4144	19046
2533	17440
382	15332
243	15199
11354	26772
5577	20932
3967	19314
14537	29486
8935	24444
4738	20167
6572	21956
11601	27021
2006	21195
1016	15966
673	15628
2264	17193
9974	25434
11217	26637
6400	21780
9665	25139
2069	17038
10461	25903
630	15587
2373	17287
142	19179
2383	17298
14881	29869
4827	20169
8912	24419
4336	19664
4315	19645
10506	25942
2286	17214
10426	25865
9511	24992
1168	16118
1628	16586
13859	28812
761	15720
13410	18675
6079	21440
636	15593
6129	21493
13332	18395
7224	22642
10110	25550
9329	24810
7551	23003
9697	25164
12902	28272
6635	22037
12622	28038
14365	29308
10879	26303
1188	16137
7190	22605
14123	29084
5621	20979
6560	21939
1480	29567
10785	26208
2488	17399
6895	22293
14395	29342
8464	23948
11160	26578
14006	28950
1386	16341
1799	16751
7754	23236
4095	19438
5181	20539
12753	28176
8362	23842
5228	20584
9617	25091
1951	16345
166	18369
13429	18376
14508	27145
14442	29394
1966	16913
3019	17862
11673	27096
3462	27924
2096	26422
11119	26536
8628	24115
1175	16124
2481	29155
9891	25359
5345	20701
6630	19037
7006	22406
14468	29422
9657	25131
13448	28462
3396	18310
12214	27645
11455	26881
3458	18562
6523	21901
8113	23584
14903	29890
13787	28743
7078	22501
102	15086
13127	28353
9453	24937
8248	23724
4406	19740
10298	25742
11335	26752
5904	27945
2360	17275
5130	20489
6233	21599
5096	20457
5342	20698
10044	25497
7368	22810
9777	25248
1686	16643
9041	24548
3131	18054
3778	19071
8191	23671
1754	16710
12480	27908
855	15811
12959	18392
2110	17063
9067	24574
3685	18966
2466	17377
1129	16084
10438	25877
1622	16580
11329	26755
7576	23026
957	15910
12348	27776
1532	16489
10953	26374
12306	27737
6685	22083
3995	18425
8022	23494
3619	18902
918	15873
12887	18577
3144	18066
6207	19205
9380	24861
12907	28275
13905	28854
6898	22297
13289	18657
12076	27522
2640	17525
5180	20537
6115	21480
14248	19711
5844	21211
4461	19806
2412	17323
6579	21966
651	15603
11011	19335
12404	27831
13363	15680
7517	22952
9875	25343
7671	24355
12296	27730
11702	27125
7714	23194
1203	16157
6862	22261
14279	29247
8656	24141
9805	25273
9637	25116
491	15450
11787	17663
10542	25978
6093	21452
12237	27678
2186	17123
13960	28900
10691	26122
7273	22706
5115	20467
12144	27591
13528	28493
10337	25775
2753	17622
9277	24769
8354	23834
7194	22609
12153	27597
2183	17121
14351	18673
1020	15968
8330	23808
4412	19750
2898	17743
1283	29940
4451	19791
4616	19958
9601	25073
264	15219
11718	19187
12039	27487
8178	23659
10373	25811
10843	26271
7525	22966
14868	29849
8707	24191
1402	19603
1680	19609
6314	21683
6880	22278
5220	20574
11375	26794
14328	29279
9339	24825
10392	25829
1382	16338
14189	29164
13977	18333
9894	25362
11613	27033
1591	20396
9608	25081
6045	21399
1143	16099
8591	24075
4414	28091
739	15698
2595	17493
10221	25661
12627	28043
9907	25375
12785	28208
4389	29636
11373	26792
722	15682
7398	22841
4338	19667
13319	19481
5880	21239
9832	25301
14837	29813
6473	21853
8545	19204
5015	20365
1806	16759
2530	17437
73	15054
1148	16103
9290	24780
13948	28894
11135	26551
12061	27507
7807	23291
14499	29461
4604	19947
12130	27159
9293	24783
8647	24133
3348	18271
11006	26421
4157	19504
8748	24246
9664	25136
7843	23323
13563	21415
11103	26520
3640	18928
7230	22648
7113	22517
12863	18318
7663	23131
3249	18172
5578	20933
10308	25748
14418	29371
2888	17733
7089	22495
4413	19751
5902	29495
9687	25157
1408	16363
4439	19779
13958	28940
10210	25649
12360	27786
2297	17223
4277	19727
13546	28510
3258	18182
9993	25451
7566	23016
7356	22801
2921	17766
5526	20881
4564	19907
5536	20890
8642	24128
1997	16943
2454	17365
3220	18144
1405	16360
2150	25263
9001	24521
11796	27259
11960	27409
3937	19283
